1881, 2790 -> -0.272196, 0.999642
1881, 2790 -> -0.264753, 0.999642
1881, 2790 -> -0.296651, 0.998925
1881, 2790 -> -0.26369, 0.998925
1881, 2790 -> -0.272196, 0.998208
1881, 2790 -> -0.264753, 0.998208
1881, 2790 -> -0.296651, 0.997491
1881, 2790 -> -0.26369, 0.997491
1881, 2790 -> -0.272196, 0.996774
1881, 2790 -> -0.264753, 0.996774
1881, 2790 -> -0.296651, 0.996057
1881, 2790 -> -0.26369, 0.996057
1881, 2790 -> -0.272196, 0.995341
1881, 2790 -> -0.264753, 0.995341
1881, 2790 -> -0.296651, 0.994624
1881, 2790 -> -0.26369, 0.994624
1881, 2790 -> -0.272196, 0.993907
1881, 2790 -> -0.264753, 0.993907
1881, 2790 -> -0.296651, 0.99319
1881, 2790 -> -0.26369, 0.99319
1881, 2790 -> -0.272196, 0.992473
1881, 2790 -> -0.264753, 0.992473
1881, 2790 -> -0.296651, 0.991756
1881, 2790 -> -0.26369, 0.991756
1881, 2790 -> -0.272196, 0.991039
1881, 2790 -> -0.264753, 0.991039
1881, 2790 -> -0.296651, 0.990323
1881, 2790 -> -0.26369, 0.990323
1881, 2790 -> -0.272196, 0.989606
1881, 2790 -> -0.264753, 0.989606
1881, 2790 -> -0.296651, 0.988889
1881, 2790 -> -0.26369, 0.988889
1881, 2790 -> -0.272196, 0.988172
1881, 2790 -> -0.264753, 0.988172
1881, 2790 -> -0.296651, 0.987455
1881, 2790 -> -0.26369, 0.987455
1881, 2790 -> -0.272196, 0.986738
1881, 2790 -> -0.264753, 0.986738
1881, 2790 -> -0.296651, 0.986022
1881, 2790 -> -0.26369, 0.986022
1881, 2790 -> -0.272196, 0.985305
1881, 2790 -> -0.264753, 0.985305
1881, 2790 -> -0.296651, 0.984588
1881, 2790 -> -0.26369, 0.984588
1881, 2790 -> -0.272196, 0.983871
1881, 2790 -> -0.264753, 0.983871
1881, 2790 -> -0.296651, 0.983154
1881, 2790 -> -0.26369, 0.983154
1881, 2790 -> -0.272196, 0.982437
1881, 2790 -> -0.264753, 0.982437
1881, 2790 -> -0.296651, 0.98172
1881, 2790 -> -0.26369, 0.98172
1881, 2790 -> -0.272196, 0.981004
1881, 2790 -> -0.264753, 0.981004
1881, 2790 -> -0.296651, 0.980287
1881, 2790 -> -0.26369, 0.980287
1881, 2790 -> -0.272196, 0.97957
1881, 2790 -> -0.264753, 0.97957
1881, 2790 -> -0.296651, 0.978853
1881, 2790 -> -0.26369, 0.978853
1881, 2790 -> -0.272196, 0.978136
1881, 2790 -> -0.264753, 0.978136
1881, 2790 -> -0.296651, 0.977419
1881, 2790 -> -0.26369, 0.977419
1881, 2790 -> -0.272196, 0.976703
1881, 2790 -> -0.264753, 0.976703
1881, 2790 -> -0.296651, 0.975986
1881, 2790 -> -0.26369, 0.975986
1881, 2790 -> -0.272196, 0.975269
1881, 2790 -> -0.264753, 0.975269
1881, 2790 -> -0.296651, 0.974552
1881, 2790 -> -0.26369, 0.974552
1881, 2790 -> -0.272196, 0.973835
1881, 2790 -> -0.264753, 0.973835
1881, 2790 -> -0.296651, 0.973118
1881, 2790 -> -0.26369, 0.973118
1881, 2790 -> -0.272196, 0.972401
1881, 2790 -> -0.264753, 0.972401
1881, 2790 -> -0.296651, 0.971685
1881, 2790 -> -0.26369, 0.971685
1881, 2790 -> -0.272196, 0.970968
1881, 2790 -> -0.264753, 0.970968
1881, 2790 -> -0.296651, 0.970251
1881, 2790 -> -0.26369, 0.970251
1881, 2790 -> -0.272196, 0.969534
1881, 2790 -> -0.264753, 0.969534
1881, 2790 -> -0.296651, 0.968817
1881, 2790 -> -0.26369, 0.968817
1881, 2790 -> -0.272196, 0.9681
1881, 2790 -> -0.264753, 0.9681
1881, 2790 -> -0.296651, 0.967384
1881, 2790 -> -0.26369, 0.967384
1881, 2790 -> -0.272196, 0.966667
1881, 2790 -> -0.264753, 0.966667
1881, 2790 -> -0.296651, 0.96595
1881, 2790 -> -0.26369, 0.96595
1881, 2790 -> -0.272196, 0.965233
1881, 2790 -> -0.264753, 0.965233
1881, 2790 -> -0.296651, 0.964516
1881, 2790 -> -0.26369, 0.964516
1881, 2790 -> -0.272196, 0.963799
1881, 2790 -> -0.264753, 0.963799
1881, 2790 -> -0.296651, 0.963082
1881, 2790 -> -0.26369, 0.963082
1881, 2790 -> -0.272196, 0.962366
1881, 2790 -> -0.264753, 0.962366
1881, 2790 -> -0.296651, 0.961649
1881, 2790 -> -0.26369, 0.961649
1881, 2790 -> -0.272196, 0.960932
1881, 2790 -> -0.264753, 0.960932
1881, 2790 -> -0.296651, 0.960215
1881, 2790 -> -0.26369, 0.960215
1881, 2790 -> -0.272196, 0.959498
1881, 2790 -> -0.264753, 0.959498
1881, 2790 -> -0.296651, 0.958781
1881, 2790 -> -0.26369, 0.958781
1881, 2790 -> -0.272196, 0.958064
1881, 2790 -> -0.264753, 0.958064
1881, 2790 -> -0.296651, 0.957348
1881, 2790 -> -0.26369, 0.957348
1881, 2790 -> -0.272196, 0.956631
1881, 2790 -> -0.264753, 0.956631
1881, 2790 -> -0.296651, 0.955914
1881, 2790 -> -0.26369, 0.955914
1881, 2790 -> -0.272196, 0.955197
1881, 2790 -> -0.264753, 0.955197
1881, 2790 -> -0.296651, 0.95448
1881, 2790 -> -0.26369, 0.95448
1881, 2790 -> -0.272196, 0.953763
1881, 2790 -> -0.264753, 0.953763
1881, 2790 -> -0.296651, 0.953047
1881, 2790 -> -0.26369, 0.953047
1881, 2790 -> -0.272196, 0.95233
1881, 2790 -> -0.264753, 0.95233
1881, 2790 -> -0.296651, 0.951613
1881, 2790 -> -0.26369, 0.951613
1881, 2790 -> -0.272196, 0.950896
1881, 2790 -> -0.264753, 0.950896
1881, 2790 -> -0.296651, 0.950179
1881, 2790 -> -0.26369, 0.950179
1881, 2790 -> -0.272196, 0.949462
1881, 2790 -> -0.264753, 0.949462
1881, 2790 -> -0.296651, 0.948745
1881, 2790 -> -0.26369, 0.948745
1881, 2790 -> -0.272196, 0.948029
1881, 2790 -> -0.264753, 0.948029
1881, 2790 -> -0.296651, 0.947312
1881, 2790 -> -0.26369, 0.947312
1881, 2790 -> -0.272196, 0.946595
1881, 2790 -> -0.264753, 0.946595
1881, 2790 -> -0.296651, 0.945878
1881, 2790 -> -0.26369, 0.945878
1881, 2790 -> -0.272196, 0.945161
1881, 2790 -> -0.264753, 0.945161
1881, 2790 -> -0.296651, 0.944444
1881, 2790 -> -0.26369, 0.944444
1881, 2790 -> -0.272196, 0.943728
1881, 2790 -> -0.264753, 0.943728
1881, 2790 -> -0.296651, 0.943011
1881, 2790 -> -0.26369, 0.943011
1881, 2790 -> -0.272196, 0.942294
1881, 2790 -> -0.264753, 0.942294
1881, 2790 -> -0.296651, 0.941577
1881, 2790 -> -0.26369, 0.941577
1881, 2790 -> -0.272196, 0.94086
1881, 2790 -> -0.264753, 0.94086
1881, 2790 -> -0.296651, 0.940143
1881, 2790 -> -0.26369, 0.940143
1881, 2790 -> -0.272196, 0.939427
1881, 2790 -> -0.264753, 0.939427
1881, 2790 -> -0.296651, 0.93871
1881, 2790 -> -0.26369, 0.93871
1881, 2790 -> -0.272196, 0.937993
1881, 2790 -> -0.264753, 0.937993
1881, 2790 -> -0.296651, 0.937276
1881, 2790 -> -0.26369, 0.937276
1881, 2790 -> -0.272196, 0.936559
1881, 2790 -> -0.264753, 0.936559
1881, 2790 -> -0.296651, 0.935842
1881, 2790 -> -0.26369, 0.935842
1881, 2790 -> -0.272196, 0.935125
1881, 2790 -> -0.264753, 0.935125
1881, 2790 -> -0.296651, 0.934409
1881, 2790 -> -0.26369, 0.934409
1881, 2790 -> -0.272196, 0.933692
1881, 2790 -> -0.264753, 0.933692
1881, 2790 -> -0.296651, 0.932975
1881, 2790 -> -0.26369, 0.932975
1881, 2790 -> -0.272196, 0.932258
1881, 2790 -> -0.264753, 0.932258
1881, 2790 -> -0.296651, 0.931541
1881, 2790 -> -0.26369, 0.931541
1881, 2790 -> -0.272196, 0.930824
1881, 2790 -> -0.264753, 0.930824
1881, 2790 -> -0.296651, 0.930108
1881, 2790 -> -0.26369, 0.930108
1881, 2790 -> -0.272196, 0.929391
1881, 2790 -> -0.264753, 0.929391
1881, 2790 -> -0.296651, 0.928674
1881, 2790 -> -0.26369, 0.928674
1881, 2790 -> -0.272196, 0.927957
1881, 2790 -> -0.264753, 0.927957
1881, 2790 -> -0.296651, 0.92724
1881, 2790 -> -0.26369, 0.92724
1881, 2790 -> -0.272196, 0.926523
1881, 2790 -> -0.264753, 0.926523
1881, 2790 -> -0.296651, 0.925806
1881, 2790 -> -0.26369, 0.925806
1881, 2790 -> -0.272196, 0.92509
1881, 2790 -> -0.264753, 0.92509
1881, 2790 -> -0.296651, 0.924373
1881, 2790 -> -0.26369, 0.924373
1881, 2790 -> -0.272196, 0.923656
1881, 2790 -> -0.264753, 0.923656
1881, 2790 -> -0.296651, 0.922939
1881, 2790 -> -0.26369, 0.922939
1881, 2790 -> -0.272196, 0.922222
1881, 2790 -> -0.264753, 0.922222
1881, 2790 -> -0.296651, 0.921505
1881, 2790 -> -0.26369, 0.921505
1881, 2790 -> -0.272196, 0.920789
1881, 2790 -> -0.264753, 0.920789
1881, 2790 -> -0.296651, 0.920072
1881, 2790 -> -0.26369, 0.920072
1881, 2790 -> -0.272196, 0.919355
1881, 2790 -> -0.264753, 0.919355
1881, 2790 -> -0.296651, 0.918638
1881, 2790 -> -0.26369, 0.918638
1881, 2790 -> -0.272196, 0.917921
1881, 2790 -> -0.264753, 0.917921
1881, 2790 -> -0.296651, 0.917204
1881, 2790 -> -0.26369, 0.917204
1881, 2790 -> -0.272196, 0.916487
1881, 2790 -> -0.264753, 0.916487
1881, 2790 -> -0.296651, 0.915771
1881, 2790 -> -0.26369, 0.915771
1881, 2790 -> -0.272196, 0.915054
1881, 2790 -> -0.264753, 0.915054
1881, 2790 -> -0.296651, 0.914337
1881, 2790 -> -0.26369, 0.914337
1881, 2790 -> -0.272196, 0.91362
1881, 2790 -> -0.264753, 0.91362
1881, 2790 -> -0.296651, 0.912903
1881, 2790 -> -0.26369, 0.912903
1881, 2790 -> -0.272196, 0.912186
1881, 2790 -> -0.264753, 0.912186
1881, 2790 -> -0.296651, 0.91147
1881, 2790 -> -0.26369, 0.91147
1881, 2790 -> -0.272196, 0.910753
1881, 2790 -> -0.264753, 0.910753
1881, 2790 -> -0.296651, 0.910036
1881, 2790 -> -0.26369, 0.910036
1881, 2790 -> -0.272196, 0.909319
1881, 2790 -> -0.264753, 0.909319
1881, 2790 -> -0.296651, 0.908602
1881, 2790 -> -0.26369, 0.908602
1881, 2790 -> -0.272196, 0.907885
1881, 2790 -> -0.264753, 0.907885
1881, 2790 -> -0.296651, 0.907168
1881, 2790 -> -0.26369, 0.907168
1881, 2790 -> -0.272196, 0.906452
1881, 2790 -> -0.264753, 0.906452
1881, 2790 -> -0.296651, 0.905735
1881, 2790 -> -0.26369, 0.905735
1881, 2790 -> -0.272196, 0.905018
1881, 2790 -> -0.264753, 0.905018
1881, 2790 -> -0.296651, 0.904301
1881, 2790 -> -0.26369, 0.904301
1881, 2790 -> -0.272196, 0.903584
1881, 2790 -> -0.264753, 0.903584
1881, 2790 -> -0.296651, 0.902867
1881, 2790 -> -0.26369, 0.902867
1881, 2790 -> -0.272196, 0.902151
1881, 2790 -> -0.264753, 0.902151
1881, 2790 -> -0.296651, 0.901434
1881, 2790 -> -0.26369, 0.901434
1881, 2790 -> -0.272196, 0.900717
1881, 2790 -> -0.264753, 0.900717
1881, 2790 -> -0.296651, 0.9
1881, 2790 -> -0.26369, 0.9
1881, 2790 -> -0.272196, 0.899283
1881, 2790 -> -0.264753, 0.899283
1881, 2790 -> -0.296651, 0.898566
1881, 2790 -> -0.26369, 0.898566
1881, 2790 -> -0.272196, 0.897849
1881, 2790 -> -0.264753, 0.897849
1881, 2790 -> -0.296651, 0.897133
1881, 2790 -> -0.26369, 0.897133
1881, 2790 -> -0.272196, 0.896416
1881, 2790 -> -0.264753, 0.896416
1881, 2790 -> -0.296651, 0.895699
1881, 2790 -> -0.26369, 0.895699
1881, 2790 -> -0.272196, 0.894982
1881, 2790 -> -0.264753, 0.894982
1881, 2790 -> -0.296651, 0.894265
1881, 2790 -> -0.26369, 0.894265
1881, 2790 -> -0.272196, 0.893548
1881, 2790 -> -0.264753, 0.893548
1881, 2790 -> -0.296651, 0.892832
1881, 2790 -> -0.26369, 0.892832
1881, 2790 -> -0.272196, 0.892115
1881, 2790 -> -0.264753, 0.892115
1881, 2790 -> -0.296651, 0.891398
1881, 2790 -> -0.26369, 0.891398
1881, 2790 -> -0.272196, 0.890681
1881, 2790 -> -0.264753, 0.890681
1881, 2790 -> -0.296651, 0.889964
1881, 2790 -> -0.26369, 0.889964
1881, 2790 -> -0.272196, 0.889247
1881, 2790 -> -0.264753, 0.889247
1881, 2790 -> -0.296651, 0.88853
1881, 2790 -> -0.26369, 0.88853
1881, 2790 -> -0.272196, 0.887814
1881, 2790 -> -0.264753, 0.887814
1881, 2790 -> -0.296651, 0.887097
1881, 2790 -> -0.26369, 0.887097
1881, 2790 -> -0.272196, 0.88638
1881, 2790 -> -0.264753, 0.88638
1881, 2790 -> -0.296651, 0.885663
1881, 2790 -> -0.26369, 0.885663
1881, 2790 -> -0.272196, 0.884946
1881, 2790 -> -0.264753, 0.884946
1881, 2790 -> -0.296651, 0.884229
1881, 2790 -> -0.26369, 0.884229
1881, 2790 -> -0.272196, 0.883513
1881, 2790 -> -0.264753, 0.883513
1881, 2790 -> -0.296651, 0.882796
1881, 2790 -> -0.26369, 0.882796
1881, 2790 -> -0.272196, 0.882079
1881, 2790 -> -0.264753, 0.882079
1881, 2790 -> -0.296651, 0.881362
1881, 2790 -> -0.26369, 0.881362
1881, 2790 -> -0.272196, 0.880645
1881, 2790 -> -0.264753, 0.880645
1881, 2790 -> -0.296651, 0.879928
1881, 2790 -> -0.26369, 0.879928
1881, 2790 -> -0.272196, 0.879211
1881, 2790 -> -0.264753, 0.879211
1881, 2790 -> -0.296651, 0.878495
1881, 2790 -> -0.26369, 0.878495
1881, 2790 -> -0.272196, 0.877778
1881, 2790 -> -0.264753, 0.877778
1881, 2790 -> -0.296651, 0.877061
1881, 2790 -> -0.26369, 0.877061
1881, 2790 -> -0.272196, 0.876344
1881, 2790 -> -0.264753, 0.876344
1881, 2790 -> -0.296651, 0.875627
1881, 2790 -> -0.26369, 0.875627
1881, 2790 -> -0.272196, 0.87491
1881, 2790 -> -0.264753, 0.87491
1881, 2790 -> -0.296651, 0.874194
1881, 2790 -> -0.26369, 0.874194
1881, 2790 -> -0.272196, 0.873477
1881, 2790 -> -0.264753, 0.873477
1881, 2790 -> -0.296651, 0.87276
1881, 2790 -> -0.26369, 0.87276
1881, 2790 -> -0.272196, 0.872043
1881, 2790 -> -0.264753, 0.872043
1881, 2790 -> -0.296651, 0.871326
1881, 2790 -> -0.26369, 0.871326
1881, 2790 -> -0.272196, 0.870609
1881, 2790 -> -0.264753, 0.870609
1881, 2790 -> -0.296651, 0.869892
1881, 2790 -> -0.26369, 0.869892
1881, 2790 -> -0.272196, 0.869176
1881, 2790 -> -0.264753, 0.869176
1881, 2790 -> -0.296651, 0.868459
1881, 2790 -> -0.26369, 0.868459
1881, 2790 -> -0.272196, 0.867742
1881, 2790 -> -0.264753, 0.867742
1881, 2790 -> -0.296651, 0.867025
1881, 2790 -> -0.26369, 0.867025
1881, 2790 -> -0.272196, 0.866308
1881, 2790 -> -0.264753, 0.866308
1881, 2790 -> -0.296651, 0.865591
1881, 2790 -> -0.26369, 0.865591
1881, 2790 -> -0.272196, 0.864875
1881, 2790 -> -0.264753, 0.864875
1881, 2790 -> -0.296651, 0.864158
1881, 2790 -> -0.26369, 0.864158
1881, 2790 -> -0.272196, 0.863441
1881, 2790 -> -0.264753, 0.863441
1881, 2790 -> -0.296651, 0.862724
1881, 2790 -> -0.26369, 0.862724
1881, 2790 -> -0.272196, 0.862007
1881, 2790 -> -0.264753, 0.862007
1881, 2790 -> -0.296651, 0.86129
1881, 2790 -> -0.26369, 0.86129
1881, 2790 -> -0.272196, 0.860573
1881, 2790 -> -0.264753, 0.860573
1881, 2790 -> -0.296651, 0.859857
1881, 2790 -> -0.26369, 0.859857
1881, 2790 -> -0.272196, 0.85914
1881, 2790 -> -0.264753, 0.85914
1881, 2790 -> -0.296651, 0.858423
1881, 2790 -> -0.26369, 0.858423
1881, 2790 -> -0.272196, 0.857706
1881, 2790 -> -0.264753, 0.857706
1881, 2790 -> -0.296651, 0.856989
1881, 2790 -> -0.26369, 0.856989
1881, 2790 -> -0.272196, 0.856272
1881, 2790 -> -0.264753, 0.856272
1881, 2790 -> -0.296651, 0.855556
1881, 2790 -> -0.26369, 0.855556
1881, 2790 -> -0.272196, 0.854839
1881, 2790 -> -0.264753, 0.854839
1881, 2790 -> -0.296651, 0.854122
1881, 2790 -> -0.26369, 0.854122
1881, 2790 -> -0.272196, 0.853405
1881, 2790 -> -0.264753, 0.853405
1881, 2790 -> -0.296651, 0.852688
1881, 2790 -> -0.26369, 0.852688
1881, 2790 -> -0.272196, 0.851971
1881, 2790 -> -0.264753, 0.851971
1881, 2790 -> -0.296651, 0.851254
1881, 2790 -> -0.26369, 0.851254
1881, 2790 -> -0.272196, 0.850538
1881, 2790 -> -0.264753, 0.850538
1881, 2790 -> -0.296651, 0.849821
1881, 2790 -> -0.26369, 0.849821
1881, 2790 -> -0.272196, 0.849104
1881, 2790 -> -0.264753, 0.849104
1881, 2790 -> -0.296651, 0.848387
1881, 2790 -> -0.26369, 0.848387
1881, 2790 -> -0.272196, 0.84767
1881, 2790 -> -0.264753, 0.84767
1881, 2790 -> -0.296651, 0.846953
1881, 2790 -> -0.26369, 0.846953
1881, 2790 -> -0.272196, 0.846237
1881, 2790 -> -0.264753, 0.846237
1881, 2790 -> -0.296651, 0.84552
1881, 2790 -> -0.26369, 0.84552
1881, 2790 -> -0.272196, 0.844803
1881, 2790 -> -0.264753, 0.844803
1881, 2790 -> -0.296651, 0.844086
1881, 2790 -> -0.26369, 0.844086
1881, 2790 -> -0.272196, 0.843369
1881, 2790 -> -0.264753, 0.843369
1881, 2790 -> -0.296651, 0.842652
1881, 2790 -> -0.26369, 0.842652
1881, 2790 -> -0.272196, 0.841936
1881, 2790 -> -0.264753, 0.841936
1881, 2790 -> -0.296651, 0.841219
1881, 2790 -> -0.26369, 0.841219
1881, 2790 -> -0.272196, 0.840502
1881, 2790 -> -0.264753, 0.840502
1881, 2790 -> -0.296651, 0.839785
1881, 2790 -> -0.26369, 0.839785
1881, 2790 -> -0.272196, 0.839068
1881, 2790 -> -0.264753, 0.839068
1881, 2790 -> -0.296651, 0.838351
1881, 2790 -> -0.26369, 0.838351
1881, 2790 -> -0.272196, 0.837634
1881, 2790 -> -0.264753, 0.837634
1881, 2790 -> -0.296651, 0.836918
1881, 2790 -> -0.26369, 0.836918
1881, 2790 -> -0.272196, 0.836201
1881, 2790 -> -0.264753, 0.836201
1881, 2790 -> -0.296651, 0.835484
1881, 2790 -> -0.26369, 0.835484
1881, 2790 -> -0.272196, 0.834767
1881, 2790 -> -0.264753, 0.834767
1881, 2790 -> -0.296651, 0.83405
1881, 2790 -> -0.26369, 0.83405
1881, 2790 -> -0.272196, 0.833333
1881, 2790 -> -0.264753, 0.833333
1881, 2790 -> -0.296651, 0.832617
1881, 2790 -> -0.26369, 0.832617
1881, 2790 -> -0.272196, 0.8319
1881, 2790 -> -0.264753, 0.8319
1881, 2790 -> -0.296651, 0.831183
1881, 2790 -> -0.26369, 0.831183
1881, 2790 -> -0.272196, 0.830466
1881, 2790 -> -0.264753, 0.830466
1881, 2790 -> -0.296651, 0.829749
1881, 2790 -> -0.26369, 0.829749
1881, 2790 -> -0.272196, 0.829032
1881, 2790 -> -0.264753, 0.829032
1881, 2790 -> -0.296651, 0.828315
1881, 2790 -> -0.26369, 0.828315
1881, 2790 -> -0.272196, 0.827599
1881, 2790 -> -0.264753, 0.827599
1881, 2790 -> -0.296651, 0.826882
1881, 2790 -> -0.26369, 0.826882
1881, 2790 -> -0.272196, 0.826165
1881, 2790 -> -0.264753, 0.826165
1881, 2790 -> -0.296651, 0.825448
1881, 2790 -> -0.26369, 0.825448
1881, 2790 -> -0.272196, 0.824731
1881, 2790 -> -0.264753, 0.824731
1881, 2790 -> -0.296651, 0.824014
1881, 2790 -> -0.26369, 0.824014
1881, 2790 -> -0.272196, 0.823298
1881, 2790 -> -0.264753, 0.823298
1881, 2790 -> -0.296651, 0.822581
1881, 2790 -> -0.26369, 0.822581
1881, 2790 -> -0.272196, 0.821864
1881, 2790 -> -0.264753, 0.821864
1881, 2790 -> -0.296651, 0.821147
1881, 2790 -> -0.26369, 0.821147
1881, 2790 -> -0.272196, 0.82043
1881, 2790 -> -0.264753, 0.82043
1881, 2790 -> -0.296651, 0.819713
1881, 2790 -> -0.26369, 0.819713
1881, 2790 -> -0.272196, 0.818996
1881, 2790 -> -0.264753, 0.818996
1881, 2790 -> -0.296651, 0.81828
1881, 2790 -> -0.26369, 0.81828
1881, 2790 -> -0.272196, 0.817563
1881, 2790 -> -0.264753, 0.817563
1881, 2790 -> -0.296651, 0.816846
1881, 2790 -> -0.26369, 0.816846
1881, 2790 -> -0.272196, 0.816129
1881, 2790 -> -0.264753, 0.816129
1881, 2790 -> -0.296651, 0.815412
1881, 2790 -> -0.26369, 0.815412
1881, 2790 -> -0.272196, 0.814695
1881, 2790 -> -0.264753, 0.814695
1881, 2790 -> -0.296651, 0.813978
1881, 2790 -> -0.26369, 0.813978
1881, 2790 -> -0.272196, 0.813262
1881, 2790 -> -0.264753, 0.813262
1881, 2790 -> -0.296651, 0.812545
1881, 2790 -> -0.26369, 0.812545
1881, 2790 -> -0.272196, 0.811828
1881, 2790 -> -0.264753, 0.811828
1881, 2790 -> -0.296651, 0.811111
1881, 2790 -> -0.26369, 0.811111
1881, 2790 -> -0.272196, 0.810394
1881, 2790 -> -0.264753, 0.810394
1881, 2790 -> -0.296651, 0.809677
1881, 2790 -> -0.26369, 0.809677
1881, 2790 -> -0.272196, 0.808961
1881, 2790 -> -0.264753, 0.808961
1881, 2790 -> -0.296651, 0.808244
1881, 2790 -> -0.26369, 0.808244
1881, 2790 -> -0.272196, 0.807527
1881, 2790 -> -0.264753, 0.807527
1881, 2790 -> -0.296651, 0.80681
1881, 2790 -> -0.26369, 0.80681
1881, 2790 -> -0.272196, 0.806093
1881, 2790 -> -0.264753, 0.806093
1881, 2790 -> -0.296651, 0.805376
1881, 2790 -> -0.26369, 0.805376
1881, 2790 -> -0.272196, 0.804659
1881, 2790 -> -0.264753, 0.804659
1881, 2790 -> -0.296651, 0.803943
1881, 2790 -> -0.26369, 0.803943
1881, 2790 -> -0.272196, 0.803226
1881, 2790 -> -0.264753, 0.803226
1881, 2790 -> -0.296651, 0.802509
1881, 2790 -> -0.26369, 0.802509
1881, 2790 -> -0.272196, 0.801792
1881, 2790 -> -0.264753, 0.801792
1881, 2790 -> -0.296651, 0.801075
1881, 2790 -> -0.26369, 0.801075
1881, 2790 -> -0.272196, 0.800358
1881, 2790 -> -0.264753, 0.800358
1881, 2790 -> -0.296651, 0.799642
1881, 2790 -> -0.26369, 0.799642
1881, 2790 -> -0.272196, 0.798925
1881, 2790 -> -0.264753, 0.798925
1881, 2790 -> -0.296651, 0.798208
1881, 2790 -> -0.26369, 0.798208
1881, 2790 -> -0.272196, 0.797491
1881, 2790 -> -0.264753, 0.797491
1881, 2790 -> -0.296651, 0.796774
1881, 2790 -> -0.26369, 0.796774
1881, 2790 -> -0.272196, 0.796057
1881, 2790 -> -0.264753, 0.796057
1881, 2790 -> -0.296651, 0.795341
1881, 2790 -> -0.26369, 0.795341
1881, 2790 -> -0.272196, 0.794624
1881, 2790 -> -0.264753, 0.794624
1881, 2790 -> -0.296651, 0.793907
1881, 2790 -> -0.26369, 0.793907
1881, 2790 -> -0.272196, 0.79319
1881, 2790 -> -0.264753, 0.79319
1881, 2790 -> -0.296651, 0.792473
1881, 2790 -> -0.26369, 0.792473
1881, 2790 -> -0.272196, 0.791756
1881, 2790 -> -0.264753, 0.791756
1881, 2790 -> -0.296651, 0.791039
1881, 2790 -> -0.26369, 0.791039
1881, 2790 -> -0.272196, 0.790323
1881, 2790 -> -0.264753, 0.790323
1881, 2790 -> -0.296651, 0.789606
1881, 2790 -> -0.26369, 0.789606
1881, 2790 -> -0.272196, 0.788889
1881, 2790 -> -0.264753, 0.788889
1881, 2790 -> -0.296651, 0.788172
1881, 2790 -> -0.26369, 0.788172
1881, 2790 -> -0.272196, 0.787455
1881, 2790 -> -0.264753, 0.787455
1881, 2790 -> -0.296651, 0.786738
1881, 2790 -> -0.26369, 0.786738
1881, 2790 -> -0.272196, 0.786021
1881, 2790 -> -0.264753, 0.786021
1881, 2790 -> -0.296651, 0.785305
1881, 2790 -> -0.26369, 0.785305
1881, 2790 -> -0.272196, 0.784588
1881, 2790 -> -0.264753, 0.784588
1881, 2790 -> -0.296651, 0.783871
1881, 2790 -> -0.26369, 0.783871
1881, 2790 -> -0.272196, 0.783154
1881, 2790 -> -0.264753, 0.783154
1881, 2790 -> -0.296651, 0.782437
1881, 2790 -> -0.26369, 0.782437
1881, 2790 -> -0.272196, 0.78172
1881, 2790 -> -0.264753, 0.78172
1881, 2790 -> -0.296651, 0.781004
1881, 2790 -> -0.26369, 0.781004
1881, 2790 -> -0.272196, 0.780287
1881, 2790 -> -0.264753, 0.780287
1881, 2790 -> -0.296651, 0.77957
1881, 2790 -> -0.26369, 0.77957
1881, 2790 -> -0.272196, 0.778853
1881, 2790 -> -0.264753, 0.778853
1881, 2790 -> -0.296651, 0.778136
1881, 2790 -> -0.26369, 0.778136
1881, 2790 -> -0.272196, 0.777419
1881, 2790 -> -0.264753, 0.777419
1881, 2790 -> -0.296651, 0.776703
1881, 2790 -> -0.26369, 0.776703
1881, 2790 -> -0.272196, 0.775986
1881, 2790 -> -0.264753, 0.775986
1881, 2790 -> -0.296651, 0.775269
1881, 2790 -> -0.26369, 0.775269
1881, 2790 -> -0.272196, 0.774552
1881, 2790 -> -0.264753, 0.774552
1881, 2790 -> -0.296651, 0.773835
1881, 2790 -> -0.26369, 0.773835
1881, 2790 -> -0.272196, 0.773118
1881, 2790 -> -0.264753, 0.773118
1881, 2790 -> -0.296651, 0.772401
1881, 2790 -> -0.26369, 0.772401
1881, 2790 -> -0.272196, 0.771685
1881, 2790 -> -0.264753, 0.771685
1881, 2790 -> -0.296651, 0.770968
1881, 2790 -> -0.26369, 0.770968
1881, 2790 -> -0.272196, 0.770251
1881, 2790 -> -0.264753, 0.770251
1881, 2790 -> -0.296651, 0.769534
1881, 2790 -> -0.26369, 0.769534
1881, 2790 -> -0.272196, 0.768817
1881, 2790 -> -0.264753, 0.768817
1881, 2790 -> -0.296651, 0.7681
1881, 2790 -> -0.26369, 0.7681
1881, 2790 -> -0.272196, 0.767384
1881, 2790 -> -0.264753, 0.767384
1881, 2790 -> -0.296651, 0.766667
1881, 2790 -> -0.26369, 0.766667
1881, 2790 -> -0.272196, 0.76595
1881, 2790 -> -0.264753, 0.76595
1881, 2790 -> -0.296651, 0.765233
1881, 2790 -> -0.26369, 0.765233
1881, 2790 -> -0.272196, 0.764516
1881, 2790 -> -0.264753, 0.764516
1881, 2790 -> -0.296651, 0.763799
1881, 2790 -> -0.26369, 0.763799
1881, 2790 -> -0.272196, 0.763082
1881, 2790 -> -0.264753, 0.763082
1881, 2790 -> -0.296651, 0.762366
1881, 2790 -> -0.26369, 0.762366
1881, 2790 -> -0.272196, 0.761649
1881, 2790 -> -0.264753, 0.761649
1881, 2790 -> -0.296651, 0.760932
1881, 2790 -> -0.26369, 0.760932
1881, 2790 -> -0.272196, 0.760215
1881, 2790 -> -0.264753, 0.760215
1881, 2790 -> -0.296651, 0.759498
1881, 2790 -> -0.26369, 0.759498
1881, 2790 -> -0.272196, 0.758781
1881, 2790 -> -0.264753, 0.758781
1881, 2790 -> -0.296651, 0.758065
1881, 2790 -> -0.26369, 0.758065
1881, 2790 -> -0.272196, 0.757348
1881, 2790 -> -0.264753, 0.757348
1881, 2790 -> -0.296651, 0.756631
1881, 2790 -> -0.26369, 0.756631
1881, 2790 -> -0.272196, 0.755914
1881, 2790 -> -0.264753, 0.755914
1881, 2790 -> -0.296651, 0.755197
1881, 2790 -> -0.26369, 0.755197
1881, 2790 -> -0.272196, 0.75448
1881, 2790 -> -0.264753, 0.75448
1881, 2790 -> -0.296651, 0.753763
1881, 2790 -> -0.26369, 0.753763
1881, 2790 -> -0.272196, 0.753047
1881, 2790 -> -0.264753, 0.753047
1881, 2790 -> -0.296651, 0.75233
1881, 2790 -> -0.26369, 0.75233
1881, 2790 -> -0.272196, 0.751613
1881, 2790 -> -0.264753, 0.751613
1881, 2790 -> -0.296651, 0.750896
1881, 2790 -> -0.26369, 0.750896
1881, 2790 -> -0.272196, 0.750179
1881, 2790 -> -0.264753, 0.750179
1881, 2790 -> -0.296651, 0.749462
1881, 2790 -> -0.26369, 0.749462
1881, 2790 -> -0.272196, 0.748746
1881, 2790 -> -0.264753, 0.748746
1881, 2790 -> -0.296651, 0.748029
1881, 2790 -> -0.26369, 0.748029
1881, 2790 -> -0.272196, 0.747312
1881, 2790 -> -0.264753, 0.747312
1881, 2790 -> -0.296651, 0.746595
1881, 2790 -> -0.26369, 0.746595
1881, 2790 -> -0.272196, 0.745878
1881, 2790 -> -0.264753, 0.745878
1881, 2790 -> -0.296651, 0.745161
1881, 2790 -> -0.26369, 0.745161
1881, 2790 -> -0.272196, 0.744444
1881, 2790 -> -0.264753, 0.744444
1881, 2790 -> -0.296651, 0.743728
1881, 2790 -> -0.26369, 0.743728
1881, 2790 -> -0.272196, 0.743011
1881, 2790 -> -0.264753, 0.743011
1881, 2790 -> -0.296651, 0.742294
1881, 2790 -> -0.26369, 0.742294
1881, 2790 -> -0.272196, 0.741577
1881, 2790 -> -0.264753, 0.741577
1881, 2790 -> -0.296651, 0.74086
1881, 2790 -> -0.26369, 0.74086
1881, 2790 -> -0.272196, 0.740143
1881, 2790 -> -0.264753, 0.740143
1881, 2790 -> -0.296651, 0.739426
1881, 2790 -> -0.26369, 0.739426
1881, 2790 -> -0.272196, 0.73871
1881, 2790 -> -0.264753, 0.73871
1881, 2790 -> -0.296651, 0.737993
1881, 2790 -> -0.26369, 0.737993
1881, 2790 -> -0.272196, 0.737276
1881, 2790 -> -0.264753, 0.737276
1881, 2790 -> -0.296651, 0.736559
1881, 2790 -> -0.26369, 0.736559
1881, 2790 -> -0.272196, 0.735842
1881, 2790 -> -0.264753, 0.735842
1881, 2790 -> -0.296651, 0.735125
1881, 2790 -> -0.26369, 0.735125
1881, 2790 -> -0.272196, 0.734409
1881, 2790 -> -0.264753, 0.734409
1881, 2790 -> -0.296651, 0.733692
1881, 2790 -> -0.26369, 0.733692
1881, 2790 -> -0.272196, 0.732975
1881, 2790 -> -0.264753, 0.732975
1881, 2790 -> -0.296651, 0.732258
1881, 2790 -> -0.26369, 0.732258
1881, 2790 -> -0.272196, 0.731541
1881, 2790 -> -0.264753, 0.731541
1881, 2790 -> -0.296651, 0.730824
1881, 2790 -> -0.26369, 0.730824
1881, 2790 -> -0.272196, 0.730108
1881, 2790 -> -0.264753, 0.730108
1881, 2790 -> -0.296651, 0.729391
1881, 2790 -> -0.26369, 0.729391
1881, 2790 -> -0.272196, 0.728674
1881, 2790 -> -0.264753, 0.728674
1881, 2790 -> -0.296651, 0.727957
1881, 2790 -> -0.26369, 0.727957
1881, 2790 -> -0.272196, 0.72724
1881, 2790 -> -0.264753, 0.72724
1881, 2790 -> -0.296651, 0.726523
1881, 2790 -> -0.26369, 0.726523
1881, 2790 -> -0.272196, 0.725806
1881, 2790 -> -0.264753, 0.725806
1881, 2790 -> -0.296651, 0.72509
1881, 2790 -> -0.26369, 0.72509
1881, 2790 -> -0.272196, 0.724373
1881, 2790 -> -0.264753, 0.724373
1881, 2790 -> -0.296651, 0.723656
1881, 2790 -> -0.26369, 0.723656
1881, 2790 -> -0.272196, 0.722939
1881, 2790 -> -0.264753, 0.722939
1881, 2790 -> -0.296651, 0.722222
1881, 2790 -> -0.26369, 0.722222
1881, 2790 -> -0.272196, 0.721505
1881, 2790 -> -0.264753, 0.721505
1881, 2790 -> -0.296651, 0.720789
1881, 2790 -> -0.26369, 0.720789
1881, 2790 -> -0.272196, 0.720072
1881, 2790 -> -0.264753, 0.720072
1881, 2790 -> -0.296651, 0.719355
1881, 2790 -> -0.26369, 0.719355
1881, 2790 -> -0.272196, 0.718638
1881, 2790 -> -0.264753, 0.718638
1881, 2790 -> -0.296651, 0.717921
1881, 2790 -> -0.26369, 0.717921
1881, 2790 -> -0.272196, 0.717204
1881, 2790 -> -0.264753, 0.717204
1881, 2790 -> -0.296651, 0.716487
1881, 2790 -> -0.26369, 0.716487
1881, 2790 -> -0.272196, 0.715771
1881, 2790 -> -0.264753, 0.715771
1881, 2790 -> -0.296651, 0.715054
1881, 2790 -> -0.26369, 0.715054
1881, 2790 -> -0.272196, 0.714337
1881, 2790 -> -0.264753, 0.714337
1881, 2790 -> -0.296651, 0.71362
1881, 2790 -> -0.26369, 0.71362
1881, 2790 -> -0.272196, 0.712903
1881, 2790 -> -0.264753, 0.712903
1881, 2790 -> -0.296651, 0.712186
1881, 2790 -> -0.26369, 0.712186
1881, 2790 -> -0.272196, 0.71147
1881, 2790 -> -0.264753, 0.71147
1881, 2790 -> -0.296651, 0.710753
1881, 2790 -> -0.26369, 0.710753
1881, 2790 -> -0.272196, 0.710036
1881, 2790 -> -0.264753, 0.710036
1881, 2790 -> -0.296651, 0.709319
1881, 2790 -> -0.26369, 0.709319
1881, 2790 -> -0.272196, 0.708602
1881, 2790 -> -0.264753, 0.708602
1881, 2790 -> -0.296651, 0.707885
1881, 2790 -> -0.26369, 0.707885
1881, 2790 -> -0.272196, 0.707168
1881, 2790 -> -0.264753, 0.707168
1881, 2790 -> -0.296651, 0.706452
1881, 2790 -> -0.26369, 0.706452
1881, 2790 -> -0.272196, 0.705735
1881, 2790 -> -0.264753, 0.705735
1881, 2790 -> -0.296651, 0.705018
1881, 2790 -> -0.26369, 0.705018
1881, 2790 -> -0.272196, 0.704301
1881, 2790 -> -0.264753, 0.704301
1881, 2790 -> -0.296651, 0.703584
1881, 2790 -> -0.26369, 0.703584
1881, 2790 -> -0.272196, 0.702867
1881, 2790 -> -0.264753, 0.702867
1881, 2790 -> -0.296651, 0.702151
1881, 2790 -> -0.26369, 0.702151
1881, 2790 -> -0.272196, 0.701434
1881, 2790 -> -0.264753, 0.701434
1881, 2790 -> -0.296651, 0.700717
1881, 2790 -> -0.26369, 0.700717
1881, 2790 -> -0.272196, 0.7
1881, 2790 -> -0.264753, 0.7
1881, 2790 -> -0.296651, 0.699283
1881, 2790 -> -0.26369, 0.699283
1881, 2790 -> -0.272196, 0.698566
1881, 2790 -> -0.264753, 0.698566
1881, 2790 -> -0.296651, 0.697849
1881, 2790 -> -0.26369, 0.697849
1881, 2790 -> -0.272196, 0.697133
1881, 2790 -> -0.264753, 0.697133
1881, 2790 -> -0.296651, 0.696416
1881, 2790 -> -0.26369, 0.696416
1881, 2790 -> -0.272196, 0.695699
1881, 2790 -> -0.264753, 0.695699
1881, 2790 -> -0.296651, 0.694982
1881, 2790 -> -0.26369, 0.694982
1881, 2790 -> -0.272196, 0.694265
1881, 2790 -> -0.264753, 0.694265
1881, 2790 -> -0.296651, 0.693548
1881, 2790 -> -0.26369, 0.693548
1881, 2790 -> -0.272196, 0.692832
1881, 2790 -> -0.264753, 0.692832
1881, 2790 -> -0.296651, 0.692115
1881, 2790 -> -0.26369, 0.692115
1881, 2790 -> -0.272196, 0.691398
1881, 2790 -> -0.264753, 0.691398
1881, 2790 -> -0.296651, 0.690681
1881, 2790 -> -0.26369, 0.690681
1881, 2790 -> -0.272196, 0.689964
1881, 2790 -> -0.264753, 0.689964
1881, 2790 -> -0.296651, 0.689247
1881, 2790 -> -0.26369, 0.689247
1881, 2790 -> -0.272196, 0.68853
1881, 2790 -> -0.264753, 0.68853
1881, 2790 -> -0.296651, 0.687814
1881, 2790 -> -0.26369, 0.687814
1881, 2790 -> -0.272196, 0.687097
1881, 2790 -> -0.264753, 0.687097
1881, 2790 -> -0.296651, 0.68638
1881, 2790 -> -0.26369, 0.68638
1881, 2790 -> -0.272196, 0.685663
1881, 2790 -> -0.264753, 0.685663
1881, 2790 -> -0.296651, 0.684946
1881, 2790 -> -0.26369, 0.684946
1881, 2790 -> -0.272196, 0.684229
1881, 2790 -> -0.264753, 0.684229
1881, 2790 -> -0.296651, 0.683513
1881, 2790 -> -0.26369, 0.683513
1881, 2790 -> -0.272196, 0.682796
1881, 2790 -> -0.264753, 0.682796
1881, 2790 -> -0.296651, 0.682079
1881, 2790 -> -0.26369, 0.682079
1881, 2790 -> -0.272196, 0.681362
1881, 2790 -> -0.264753, 0.681362
1881, 2790 -> -0.296651, 0.680645
1881, 2790 -> -0.26369, 0.680645
1881, 2790 -> -0.272196, 0.679928
1881, 2790 -> -0.264753, 0.679928
1881, 2790 -> -0.296651, 0.679211
1881, 2790 -> -0.26369, 0.679211
1881, 2790 -> -0.272196, 0.678495
1881, 2790 -> -0.264753, 0.678495
1881, 2790 -> -0.296651, 0.677778
1881, 2790 -> -0.26369, 0.677778
1881, 2790 -> -0.272196, 0.677061
1881, 2790 -> -0.264753, 0.677061
1881, 2790 -> -0.296651, 0.676344
1881, 2790 -> -0.26369, 0.676344
1881, 2790 -> -0.272196, 0.675627
1881, 2790 -> -0.264753, 0.675627
1881, 2790 -> -0.296651, 0.67491
1881, 2790 -> -0.26369, 0.67491
1881, 2790 -> -0.272196, 0.674194
1881, 2790 -> -0.264753, 0.674194
1881, 2790 -> -0.296651, 0.673477
1881, 2790 -> -0.26369, 0.673477
1881, 2790 -> -0.272196, 0.67276
1881, 2790 -> -0.264753, 0.67276
1881, 2790 -> -0.296651, 0.672043
1881, 2790 -> -0.26369, 0.672043
1881, 2790 -> -0.272196, 0.671326
1881, 2790 -> -0.264753, 0.671326
1881, 2790 -> -0.296651, 0.670609
1881, 2790 -> -0.26369, 0.670609
1881, 2790 -> -0.272196, 0.669892
1881, 2790 -> -0.264753, 0.669892
1881, 2790 -> -0.296651, 0.669176
1881, 2790 -> -0.26369, 0.669176
1881, 2790 -> -0.272196, 0.668459
1881, 2790 -> -0.264753, 0.668459
1881, 2790 -> -0.296651, 0.667742
1881, 2790 -> -0.26369, 0.667742
1881, 2790 -> -0.272196, 0.667025
1881, 2790 -> -0.264753, 0.667025
1881, 2790 -> -0.296651, 0.666308
1881, 2790 -> -0.26369, 0.666308
1881, 2790 -> -0.272196, 0.665591
1881, 2790 -> -0.264753, 0.665591
1881, 2790 -> -0.296651, 0.664875
1881, 2790 -> -0.26369, 0.664875
1881, 2790 -> -0.272196, 0.664158
1881, 2790 -> -0.264753, 0.664158
1881, 2790 -> -0.296651, 0.663441
1881, 2790 -> -0.26369, 0.663441
1881, 2790 -> -0.272196, 0.662724
1881, 2790 -> -0.264753, 0.662724
1881, 2790 -> -0.296651, 0.662007
1881, 2790 -> -0.26369, 0.662007
1881, 2790 -> -0.272196, 0.66129
1881, 2790 -> -0.264753, 0.66129
1881, 2790 -> -0.296651, 0.660573
1881, 2790 -> -0.26369, 0.660573
1881, 2790 -> -0.272196, 0.659857
1881, 2790 -> -0.264753, 0.659857
1881, 2790 -> -0.296651, 0.65914
1881, 2790 -> -0.26369, 0.65914
1881, 2790 -> -0.272196, 0.658423
1881, 2790 -> -0.264753, 0.658423
1881, 2790 -> -0.296651, 0.657706
1881, 2790 -> -0.26369, 0.657706
1881, 2790 -> -0.272196, 0.656989
1881, 2790 -> -0.264753, 0.656989
1881, 2790 -> -0.296651, 0.656272
1881, 2790 -> -0.26369, 0.656272
1881, 2790 -> -0.272196, 0.655556
1881, 2790 -> -0.264753, 0.655556
1881, 2790 -> -0.296651, 0.654839
1881, 2790 -> -0.26369, 0.654839
1881, 2790 -> -0.272196, 0.654122
1881, 2790 -> -0.264753, 0.654122
1881, 2790 -> -0.296651, 0.653405
1881, 2790 -> -0.26369, 0.653405
1881, 2790 -> -0.272196, 0.652688
1881, 2790 -> -0.264753, 0.652688
1881, 2790 -> -0.296651, 0.651971
1881, 2790 -> -0.26369, 0.651971
1881, 2790 -> -0.272196, 0.651254
1881, 2790 -> -0.264753, 0.651254
1881, 2790 -> -0.296651, 0.650538
1881, 2790 -> -0.26369, 0.650538
1881, 2790 -> -0.272196, 0.649821
1881, 2790 -> -0.264753, 0.649821
1881, 2790 -> -0.296651, 0.649104
1881, 2790 -> -0.26369, 0.649104
1881, 2790 -> -0.272196, 0.648387
1881, 2790 -> -0.264753, 0.648387
1881, 2790 -> -0.296651, 0.64767
1881, 2790 -> -0.26369, 0.64767
1881, 2790 -> -0.272196, 0.646953
1881, 2790 -> -0.264753, 0.646953
1881, 2790 -> -0.296651, 0.646237
1881, 2790 -> -0.26369, 0.646237
1881, 2790 -> -0.272196, 0.64552
1881, 2790 -> -0.264753, 0.64552
1881, 2790 -> -0.296651, 0.644803
1881, 2790 -> -0.26369, 0.644803
1881, 2790 -> -0.272196, 0.644086
1881, 2790 -> -0.264753, 0.644086
1881, 2790 -> -0.296651, 0.643369
1881, 2790 -> -0.26369, 0.643369
1881, 2790 -> -0.272196, 0.642652
1881, 2790 -> -0.264753, 0.642652
1881, 2790 -> -0.296651, 0.641935
1881, 2790 -> -0.26369, 0.641935
1881, 2790 -> -0.272196, 0.641219
1881, 2790 -> -0.264753, 0.641219
1881, 2790 -> -0.296651, 0.640502
1881, 2790 -> -0.26369, 0.640502
1881, 2790 -> -0.272196, 0.639785
1881, 2790 -> -0.264753, 0.639785
1881, 2790 -> -0.296651, 0.639068
1881, 2790 -> -0.26369, 0.639068
1881, 2790 -> -0.272196, 0.638351
1881, 2790 -> -0.264753, 0.638351
1881, 2790 -> -0.296651, 0.637634
1881, 2790 -> -0.26369, 0.637634
1881, 2790 -> -0.272196, 0.636918
1881, 2790 -> -0.264753, 0.636918
1881, 2790 -> -0.296651, 0.636201
1881, 2790 -> -0.26369, 0.636201
1881, 2790 -> -0.272196, 0.635484
1881, 2790 -> -0.264753, 0.635484
1881, 2790 -> -0.296651, 0.634767
1881, 2790 -> -0.26369, 0.634767
1881, 2790 -> -0.272196, 0.63405
1881, 2790 -> -0.264753, 0.63405
1881, 2790 -> -0.296651, 0.633333
1881, 2790 -> -0.26369, 0.633333
1881, 2790 -> -0.272196, 0.632617
1881, 2790 -> -0.264753, 0.632617
1881, 2790 -> -0.296651, 0.6319
1881, 2790 -> -0.26369, 0.6319
1881, 2790 -> -0.272196, 0.631183
1881, 2790 -> -0.264753, 0.631183
1881, 2790 -> -0.296651, 0.630466
1881, 2790 -> -0.26369, 0.630466
1881, 2790 -> -0.272196, 0.629749
1881, 2790 -> -0.264753, 0.629749
1881, 2790 -> -0.296651, 0.629032
1881, 2790 -> -0.26369, 0.629032
1881, 2790 -> -0.272196, 0.628315
1881, 2790 -> -0.264753, 0.628315
1881, 2790 -> -0.296651, 0.627599
1881, 2790 -> -0.26369, 0.627599
1881, 2790 -> -0.272196, 0.626882
1881, 2790 -> -0.264753, 0.626882
1881, 2790 -> -0.296651, 0.626165
1881, 2790 -> -0.26369, 0.626165
1881, 2790 -> -0.272196, 0.625448
1881, 2790 -> -0.264753, 0.625448
1881, 2790 -> -0.296651, 0.624731
1881, 2790 -> -0.26369, 0.624731
1881, 2790 -> -0.272196, 0.624014
1881, 2790 -> -0.264753, 0.624014
1881, 2790 -> -0.296651, 0.623297
1881, 2790 -> -0.26369, 0.623297
1881, 2790 -> -0.272196, 0.622581
1881, 2790 -> -0.264753, 0.622581
1881, 2790 -> -0.296651, 0.621864
1881, 2790 -> -0.26369, 0.621864
1881, 2790 -> -0.272196, 0.621147
1881, 2790 -> -0.264753, 0.621147
1881, 2790 -> -0.296651, 0.62043
1881, 2790 -> -0.26369, 0.62043
1881, 2790 -> -0.272196, 0.619713
1881, 2790 -> -0.264753, 0.619713
1881, 2790 -> -0.296651, 0.618996
1881, 2790 -> -0.26369, 0.618996
1881, 2790 -> -0.272196, 0.61828
1881, 2790 -> -0.264753, 0.61828
1881, 2790 -> -0.296651, 0.617563
1881, 2790 -> -0.26369, 0.617563
1881, 2790 -> -0.272196, 0.616846
1881, 2790 -> -0.264753, 0.616846
1881, 2790 -> -0.296651, 0.616129
1881, 2790 -> -0.26369, 0.616129
1881, 2790 -> -0.272196, 0.615412
1881, 2790 -> -0.264753, 0.615412
1881, 2790 -> -0.296651, 0.614695
1881, 2790 -> -0.26369, 0.614695
1881, 2790 -> -0.272196, 0.613979
1881, 2790 -> -0.264753, 0.613979
1881, 2790 -> -0.296651, 0.613262
1881, 2790 -> -0.26369, 0.613262
1881, 2790 -> -0.272196, 0.612545
1881, 2790 -> -0.264753, 0.612545
1881, 2790 -> -0.296651, 0.611828
1881, 2790 -> -0.26369, 0.611828
1881, 2790 -> -0.272196, 0.611111
1881, 2790 -> -0.264753, 0.611111
1881, 2790 -> -0.296651, 0.610394
1881, 2790 -> -0.26369, 0.610394
1881, 2790 -> -0.272196, 0.609677
1881, 2790 -> -0.264753, 0.609677
1881, 2790 -> -0.296651, 0.608961
1881, 2790 -> -0.26369, 0.608961
1881, 2790 -> -0.272196, 0.608244
1881, 2790 -> -0.264753, 0.608244
1881, 2790 -> -0.296651, 0.607527
1881, 2790 -> -0.26369, 0.607527
1881, 2790 -> -0.272196, 0.60681
1881, 2790 -> -0.264753, 0.60681
1881, 2790 -> -0.296651, 0.606093
1881, 2790 -> -0.26369, 0.606093
1881, 2790 -> -0.272196, 0.605376
1881, 2790 -> -0.264753, 0.605376
1881, 2790 -> -0.296651, 0.604659
1881, 2790 -> -0.26369, 0.604659
1881, 2790 -> -0.272196, 0.603943
1881, 2790 -> -0.264753, 0.603943
1881, 2790 -> -0.296651, 0.603226
1881, 2790 -> -0.26369, 0.603226
1881, 2790 -> -0.272196, 0.602509
1881, 2790 -> -0.264753, 0.602509
1881, 2790 -> -0.296651, 0.601792
1881, 2790 -> -0.26369, 0.601792
1881, 2790 -> -0.272196, 0.601075
1881, 2790 -> -0.264753, 0.601075
1881, 2790 -> -0.296651, 0.600358
1881, 2790 -> -0.26369, 0.600358
1881, 2790 -> -0.272196, 0.599642
1881, 2790 -> -0.264753, 0.599642
1881, 2790 -> -0.296651, 0.598925
1881, 2790 -> -0.26369, 0.598925
1881, 2790 -> -0.272196, 0.598208
1881, 2790 -> -0.264753, 0.598208
1881, 2790 -> -0.296651, 0.597491
1881, 2790 -> -0.26369, 0.597491
1881, 2790 -> -0.272196, 0.596774
1881, 2790 -> -0.264753, 0.596774
1881, 2790 -> -0.296651, 0.596057
1881, 2790 -> -0.26369, 0.596057
1881, 2790 -> -0.272196, 0.59534
1881, 2790 -> -0.264753, 0.59534
1881, 2790 -> -0.296651, 0.594624
1881, 2790 -> -0.26369, 0.594624
1881, 2790 -> -0.272196, 0.593907
1881, 2790 -> -0.264753, 0.593907
1881, 2790 -> -0.296651, 0.59319
1881, 2790 -> -0.26369, 0.59319
1881, 2790 -> -0.272196, 0.592473
1881, 2790 -> -0.264753, 0.592473
1881, 2790 -> -0.296651, 0.591756
1881, 2790 -> -0.26369, 0.591756
1881, 2790 -> -0.272196, 0.591039
1881, 2790 -> -0.264753, 0.591039
1881, 2790 -> -0.296651, 0.590323
1881, 2790 -> -0.26369, 0.590323
1881, 2790 -> -0.272196, 0.589606
1881, 2790 -> -0.264753, 0.589606
1881, 2790 -> -0.296651, 0.588889
1881, 2790 -> -0.26369, 0.588889
1881, 2790 -> -0.272196, 0.588172
1881, 2790 -> -0.264753, 0.588172
1881, 2790 -> -0.296651, 0.587455
1881, 2790 -> -0.26369, 0.587455
1881, 2790 -> -0.272196, 0.586738
1881, 2790 -> -0.264753, 0.586738
1881, 2790 -> -0.296651, 0.586022
1881, 2790 -> -0.26369, 0.586022
1881, 2790 -> -0.272196, 0.585305
1881, 2790 -> -0.264753, 0.585305
1881, 2790 -> -0.296651, 0.584588
1881, 2790 -> -0.26369, 0.584588
1881, 2790 -> -0.272196, 0.583871
1881, 2790 -> -0.264753, 0.583871
1881, 2790 -> -0.296651, 0.583154
1881, 2790 -> -0.26369, 0.583154
1881, 2790 -> -0.272196, 0.582437
1881, 2790 -> -0.264753, 0.582437
1881, 2790 -> -0.296651, 0.58172
1881, 2790 -> -0.26369, 0.58172
1881, 2790 -> -0.272196, 0.581004
1881, 2790 -> -0.264753, 0.581004
1881, 2790 -> -0.296651, 0.580287
1881, 2790 -> -0.26369, 0.580287
1881, 2790 -> -0.272196, 0.57957
1881, 2790 -> -0.264753, 0.57957
1881, 2790 -> -0.296651, 0.578853
1881, 2790 -> -0.26369, 0.578853
1881, 2790 -> -0.272196, 0.578136
1881, 2790 -> -0.264753, 0.578136
1881, 2790 -> -0.296651, 0.577419
1881, 2790 -> -0.26369, 0.577419
1881, 2790 -> -0.272196, 0.576702
1881, 2790 -> -0.264753, 0.576702
1881, 2790 -> -0.296651, 0.575986
1881, 2790 -> -0.26369, 0.575986
1881, 2790 -> -0.272196, 0.575269
1881, 2790 -> -0.264753, 0.575269
1881, 2790 -> -0.296651, 0.574552
1881, 2790 -> -0.26369, 0.574552
1881, 2790 -> -0.272196, 0.573835
1881, 2790 -> -0.264753, 0.573835
1881, 2790 -> -0.296651, 0.573118
1881, 2790 -> -0.26369, 0.573118
1881, 2790 -> -0.272196, 0.572401
1881, 2790 -> -0.264753, 0.572401
1881, 2790 -> -0.296651, 0.571685
1881, 2790 -> -0.26369, 0.571685
1881, 2790 -> -0.272196, 0.570968
1881, 2790 -> -0.264753, 0.570968
1881, 2790 -> -0.296651, 0.570251
1881, 2790 -> -0.26369, 0.570251
1881, 2790 -> -0.272196, 0.569534
1881, 2790 -> -0.264753, 0.569534
1881, 2790 -> -0.296651, 0.568817
1881, 2790 -> -0.26369, 0.568817
1881, 2790 -> -0.272196, 0.5681
1881, 2790 -> -0.264753, 0.5681
1881, 2790 -> -0.296651, 0.567384
1881, 2790 -> -0.26369, 0.567384
1881, 2790 -> -0.272196, 0.566667
1881, 2790 -> -0.264753, 0.566667
1881, 2790 -> -0.296651, 0.56595
1881, 2790 -> -0.26369, 0.56595
1881, 2790 -> -0.272196, 0.565233
1881, 2790 -> -0.264753, 0.565233
1881, 2790 -> -0.296651, 0.564516
1881, 2790 -> -0.26369, 0.564516
1881, 2790 -> -0.272196, 0.563799
1881, 2790 -> -0.264753, 0.563799
1881, 2790 -> -0.296651, 0.563082
1881, 2790 -> -0.26369, 0.563082
1881, 2790 -> -0.272196, 0.562366
1881, 2790 -> -0.264753, 0.562366
1881, 2790 -> -0.296651, 0.561649
1881, 2790 -> -0.26369, 0.561649
1881, 2790 -> -0.272196, 0.560932
1881, 2790 -> -0.264753, 0.560932
1881, 2790 -> -0.296651, 0.560215
1881, 2790 -> -0.26369, 0.560215
1881, 2790 -> -0.272196, 0.559498
1881, 2790 -> -0.264753, 0.559498
1881, 2790 -> -0.296651, 0.558781
1881, 2790 -> -0.26369, 0.558781
1881, 2790 -> -0.272196, 0.558065
1881, 2790 -> -0.264753, 0.558065
1881, 2790 -> -0.296651, 0.557348
1881, 2790 -> -0.26369, 0.557348
1881, 2790 -> -0.272196, 0.556631
1881, 2790 -> -0.264753, 0.556631
1881, 2790 -> -0.296651, 0.555914
1881, 2790 -> -0.26369, 0.555914
1881, 2790 -> -0.272196, 0.555197
1881, 2790 -> -0.264753, 0.555197
1881, 2790 -> -0.296651, 0.55448
1881, 2790 -> -0.26369, 0.55448
1881, 2790 -> -0.272196, 0.553763
1881, 2790 -> -0.264753, 0.553763
1881, 2790 -> -0.296651, 0.553047
1881, 2790 -> -0.26369, 0.553047
1881, 2790 -> -0.272196, 0.55233
1881, 2790 -> -0.264753, 0.55233
1881, 2790 -> -0.296651, 0.551613
1881, 2790 -> -0.26369, 0.551613
1881, 2790 -> -0.272196, 0.550896
1881, 2790 -> -0.264753, 0.550896
1881, 2790 -> -0.296651, 0.550179
1881, 2790 -> -0.26369, 0.550179
1881, 2790 -> -0.272196, 0.549462
1881, 2790 -> -0.264753, 0.549462
1881, 2790 -> -0.296651, 0.548746
1881, 2790 -> -0.26369, 0.548746
1881, 2790 -> -0.272196, 0.548029
1881, 2790 -> -0.264753, 0.548029
1881, 2790 -> -0.296651, 0.547312
1881, 2790 -> -0.26369, 0.547312
1881, 2790 -> -0.272196, 0.546595
1881, 2790 -> -0.264753, 0.546595
1881, 2790 -> -0.296651, 0.545878
1881, 2790 -> -0.26369, 0.545878
1881, 2790 -> -0.272196, 0.545161
1881, 2790 -> -0.264753, 0.545161
1881, 2790 -> -0.296651, 0.544444
1881, 2790 -> -0.26369, 0.544444
1881, 2790 -> -0.272196, 0.543728
1881, 2790 -> -0.264753, 0.543728
1881, 2790 -> -0.296651, 0.543011
1881, 2790 -> -0.26369, 0.543011
1881, 2790 -> -0.272196, 0.542294
1881, 2790 -> -0.264753, 0.542294
1881, 2790 -> -0.296651, 0.541577
1881, 2790 -> -0.26369, 0.541577
1881, 2790 -> -0.272196, 0.54086
1881, 2790 -> -0.264753, 0.54086
1881, 2790 -> -0.296651, 0.540143
1881, 2790 -> -0.26369, 0.540143
1881, 2790 -> -0.272196, 0.539427
1881, 2790 -> -0.264753, 0.539427
1881, 2790 -> -0.296651, 0.53871
1881, 2790 -> -0.26369, 0.53871
1881, 2790 -> -0.272196, 0.537993
1881, 2790 -> -0.264753, 0.537993
1881, 2790 -> -0.296651, 0.537276
1881, 2790 -> -0.26369, 0.537276
1881, 2790 -> -0.272196, 0.536559
1881, 2790 -> -0.264753, 0.536559
1881, 2790 -> -0.296651, 0.535842
1881, 2790 -> -0.26369, 0.535842
1881, 2790 -> -0.272196, 0.535125
1881, 2790 -> -0.264753, 0.535125
1881, 2790 -> -0.296651, 0.534409
1881, 2790 -> -0.26369, 0.534409
1881, 2790 -> -0.272196, 0.533692
1881, 2790 -> -0.264753, 0.533692
1881, 2790 -> -0.296651, 0.532975
1881, 2790 -> -0.26369, 0.532975
1881, 2790 -> -0.272196, 0.532258
1881, 2790 -> -0.264753, 0.532258
1881, 2790 -> -0.296651, 0.531541
1881, 2790 -> -0.26369, 0.531541
1881, 2790 -> -0.272196, 0.530824
1881, 2790 -> -0.264753, 0.530824
1881, 2790 -> -0.296651, 0.530107
1881, 2790 -> -0.26369, 0.530107
1881, 2790 -> -0.272196, 0.529391
1881, 2790 -> -0.264753, 0.529391
1881, 2790 -> -0.296651, 0.528674
1881, 2790 -> -0.26369, 0.528674
1881, 2790 -> -0.272196, 0.527957
1881, 2790 -> -0.264753, 0.527957
1881, 2790 -> -0.296651, 0.52724
1881, 2790 -> -0.26369, 0.52724
1881, 2790 -> -0.272196, 0.526523
1881, 2790 -> -0.264753, 0.526523
1881, 2790 -> -0.296651, 0.525806
1881, 2790 -> -0.26369, 0.525806
1881, 2790 -> -0.272196, 0.52509
1881, 2790 -> -0.264753, 0.52509
1881, 2790 -> -0.296651, 0.524373
1881, 2790 -> -0.26369, 0.524373
1881, 2790 -> -0.272196, 0.523656
1881, 2790 -> -0.264753, 0.523656
1881, 2790 -> -0.296651, 0.522939
1881, 2790 -> -0.26369, 0.522939
1881, 2790 -> -0.272196, 0.522222
1881, 2790 -> -0.264753, 0.522222
1881, 2790 -> -0.296651, 0.521505
1881, 2790 -> -0.26369, 0.521505
1881, 2790 -> -0.272196, 0.520789
1881, 2790 -> -0.264753, 0.520789
1881, 2790 -> -0.296651, 0.520072
1881, 2790 -> -0.26369, 0.520072
1881, 2790 -> -0.272196, 0.519355
1881, 2790 -> -0.264753, 0.519355
1881, 2790 -> -0.296651, 0.518638
1881, 2790 -> -0.26369, 0.518638
1881, 2790 -> -0.272196, 0.517921
1881, 2790 -> -0.264753, 0.517921
1881, 2790 -> -0.296651, 0.517204
1881, 2790 -> -0.26369, 0.517204
1881, 2790 -> -0.272196, 0.516487
1881, 2790 -> -0.264753, 0.516487
1881, 2790 -> -0.296651, 0.515771
1881, 2790 -> -0.26369, 0.515771
1881, 2790 -> -0.272196, 0.515054
1881, 2790 -> -0.264753, 0.515054
1881, 2790 -> -0.296651, 0.514337
1881, 2790 -> -0.26369, 0.514337
1881, 2790 -> -0.272196, 0.51362
1881, 2790 -> -0.264753, 0.51362
1881, 2790 -> -0.296651, 0.512903
1881, 2790 -> -0.26369, 0.512903
1881, 2790 -> -0.272196, 0.512186
1881, 2790 -> -0.264753, 0.512186
1881, 2790 -> -0.296651, 0.51147
1881, 2790 -> -0.26369, 0.51147
1881, 2790 -> -0.272196, 0.510753
1881, 2790 -> -0.264753, 0.510753
1881, 2790 -> -0.296651, 0.510036
1881, 2790 -> -0.26369, 0.510036
1881, 2790 -> -0.272196, 0.509319
1881, 2790 -> -0.264753, 0.509319
1881, 2790 -> -0.296651, 0.508602
1881, 2790 -> -0.26369, 0.508602
1881, 2790 -> -0.272196, 0.507885
1881, 2790 -> -0.264753, 0.507885
1881, 2790 -> -0.296651, 0.507168
1881, 2790 -> -0.26369, 0.507168
1881, 2790 -> -0.272196, 0.506452
1881, 2790 -> -0.264753, 0.506452
1881, 2790 -> -0.296651, 0.505735
1881, 2790 -> -0.26369, 0.505735
1881, 2790 -> -0.272196, 0.505018
1881, 2790 -> -0.264753, 0.505018
1881, 2790 -> -0.296651, 0.504301
1881, 2790 -> -0.26369, 0.504301
1881, 2790 -> -0.272196, 0.503584
1881, 2790 -> -0.264753, 0.503584
1881, 2790 -> -0.296651, 0.502867
1881, 2790 -> -0.26369, 0.502867
1881, 2790 -> -0.272196, 0.502151
1881, 2790 -> -0.264753, 0.502151
1881, 2790 -> -0.296651, 0.501434
1881, 2790 -> -0.26369, 0.501434
1881, 2790 -> -0.272196, 0.500717
1881, 2790 -> -0.264753, 0.500717
1881, 2790 -> -0.296651, 0.5
1881, 2790 -> -0.26369, 0.5
1881, 2790 -> -0.272196, 0.499283
1881, 2790 -> -0.264753, 0.499283
1881, 2790 -> -0.296651, 0.498566
1881, 2790 -> -0.26369, 0.498566
1881, 2790 -> -0.272196, 0.497849
1881, 2790 -> -0.264753, 0.497849
1881, 2790 -> -0.296651, 0.497133
1881, 2790 -> -0.26369, 0.497133
1881, 2790 -> -0.272196, 0.496416
1881, 2790 -> -0.264753, 0.496416
1881, 2790 -> -0.296651, 0.495699
1881, 2790 -> -0.26369, 0.495699
1881, 2790 -> -0.272196, 0.494982
1881, 2790 -> -0.264753, 0.494982
1881, 2790 -> -0.296651, 0.494265
1881, 2790 -> -0.26369, 0.494265
1881, 2790 -> -0.272196, 0.493548
1881, 2790 -> -0.264753, 0.493548
1881, 2790 -> -0.296651, 0.492832
1881, 2790 -> -0.26369, 0.492832
1881, 2790 -> -0.272196, 0.492115
1881, 2790 -> -0.264753, 0.492115
1881, 2790 -> -0.296651, 0.491398
1881, 2790 -> -0.26369, 0.491398
1881, 2790 -> -0.272196, 0.490681
1881, 2790 -> -0.264753, 0.490681
1881, 2790 -> -0.296651, 0.489964
1881, 2790 -> -0.26369, 0.489964
1881, 2790 -> -0.272196, 0.489247
1881, 2790 -> -0.264753, 0.489247
1881, 2790 -> -0.296651, 0.48853
1881, 2790 -> -0.26369, 0.48853
1881, 2790 -> -0.272196, 0.487814
1881, 2790 -> -0.264753, 0.487814
1881, 2790 -> -0.296651, 0.487097
1881, 2790 -> -0.26369, 0.487097
1881, 2790 -> -0.272196, 0.48638
1881, 2790 -> -0.264753, 0.48638
1881, 2790 -> -0.296651, 0.485663
1881, 2790 -> -0.26369, 0.485663
1881, 2790 -> -0.272196, 0.484946
1881, 2790 -> -0.264753, 0.484946
1881, 2790 -> -0.296651, 0.484229
1881, 2790 -> -0.26369, 0.484229
1881, 2790 -> -0.272196, 0.483513
1881, 2790 -> -0.264753, 0.483513
1881, 2790 -> -0.296651, 0.482796
1881, 2790 -> -0.26369, 0.482796
1881, 2790 -> -0.272196, 0.482079
1881, 2790 -> -0.264753, 0.482079
1881, 2790 -> -0.296651, 0.481362
1881, 2790 -> -0.26369, 0.481362
1881, 2790 -> -0.272196, 0.480645
1881, 2790 -> -0.264753, 0.480645
1881, 2790 -> -0.296651, 0.479928
1881, 2790 -> -0.26369, 0.479928
1881, 2790 -> -0.272196, 0.479211
1881, 2790 -> -0.264753, 0.479211
1881, 2790 -> -0.296651, 0.478495
1881, 2790 -> -0.26369, 0.478495
1881, 2790 -> -0.272196, 0.477778
1881, 2790 -> -0.264753, 0.477778
1881, 2790 -> -0.296651, 0.477061
1881, 2790 -> -0.26369, 0.477061
1881, 2790 -> -0.272196, 0.476344
1881, 2790 -> -0.264753, 0.476344
1881, 2790 -> -0.296651, 0.475627
1881, 2790 -> -0.26369, 0.475627
1881, 2790 -> -0.272196, 0.47491
1881, 2790 -> -0.264753, 0.47491
1881, 2790 -> -0.296651, 0.474194
1881, 2790 -> -0.26369, 0.474194
1881, 2790 -> -0.272196, 0.473477
1881, 2790 -> -0.264753, 0.473477
1881, 2790 -> -0.296651, 0.47276
1881, 2790 -> -0.26369, 0.47276
1881, 2790 -> -0.272196, 0.472043
1881, 2790 -> -0.264753, 0.472043
1881, 2790 -> -0.296651, 0.471326
1881, 2790 -> -0.26369, 0.471326
1881, 2790 -> -0.272196, 0.470609
1881, 2790 -> -0.264753, 0.470609
1881, 2790 -> -0.296651, 0.469893
1881, 2790 -> -0.26369, 0.469893
1881, 2790 -> -0.272196, 0.469176
1881, 2790 -> -0.264753, 0.469176
1881, 2790 -> -0.296651, 0.468459
1881, 2790 -> -0.26369, 0.468459
1881, 2790 -> -0.272196, 0.467742
1881, 2790 -> -0.264753, 0.467742
1881, 2790 -> -0.296651, 0.467025
1881, 2790 -> -0.26369, 0.467025
1881, 2790 -> -0.272196, 0.466308
1881, 2790 -> -0.264753, 0.466308
1881, 2790 -> -0.296651, 0.465591
1881, 2790 -> -0.26369, 0.465591
1881, 2790 -> -0.272196, 0.464875
1881, 2790 -> -0.264753, 0.464875
1881, 2790 -> -0.296651, 0.464158
1881, 2790 -> -0.26369, 0.464158
1881, 2790 -> -0.272196, 0.463441
1881, 2790 -> -0.264753, 0.463441
1881, 2790 -> -0.296651, 0.462724
1881, 2790 -> -0.26369, 0.462724
1881, 2790 -> -0.272196, 0.462007
1881, 2790 -> -0.264753, 0.462007
1881, 2790 -> -0.296651, 0.46129
1881, 2790 -> -0.26369, 0.46129
1881, 2790 -> -0.272196, 0.460573
1881, 2790 -> -0.264753, 0.460573
1881, 2790 -> -0.296651, 0.459857
1881, 2790 -> -0.26369, 0.459857
1881, 2790 -> -0.272196, 0.45914
1881, 2790 -> -0.264753, 0.45914
1881, 2790 -> -0.296651, 0.458423
1881, 2790 -> -0.26369, 0.458423
1881, 2790 -> -0.272196, 0.457706
1881, 2790 -> -0.264753, 0.457706
1881, 2790 -> -0.296651, 0.456989
1881, 2790 -> -0.26369, 0.456989
1881, 2790 -> -0.272196, 0.456272
1881, 2790 -> -0.264753, 0.456272
1881, 2790 -> -0.296651, 0.455556
1881, 2790 -> -0.26369, 0.455556
1881, 2790 -> -0.272196, 0.454839
1881, 2790 -> -0.264753, 0.454839
1881, 2790 -> -0.296651, 0.454122
1881, 2790 -> -0.26369, 0.454122
1881, 2790 -> -0.272196, 0.453405
1881, 2790 -> -0.264753, 0.453405
1881, 2790 -> -0.296651, 0.452688
1881, 2790 -> -0.26369, 0.452688
1881, 2790 -> -0.272196, 0.451971
1881, 2790 -> -0.264753, 0.451971
1881, 2790 -> -0.296651, 0.451254
1881, 2790 -> -0.26369, 0.451254
1881, 2790 -> -0.272196, 0.450538
1881, 2790 -> -0.264753, 0.450538
1881, 2790 -> -0.296651, 0.449821
1881, 2790 -> -0.26369, 0.449821
1881, 2790 -> -0.272196, 0.449104
1881, 2790 -> -0.264753, 0.449104
1881, 2790 -> -0.296651, 0.448387
1881, 2790 -> -0.26369, 0.448387
1881, 2790 -> -0.272196, 0.44767
1881, 2790 -> -0.264753, 0.44767
1881, 2790 -> -0.296651, 0.446953
1881, 2790 -> -0.26369, 0.446953
1881, 2790 -> -0.272196, 0.446237
1881, 2790 -> -0.264753, 0.446237
1881, 2790 -> -0.296651, 0.44552
1881, 2790 -> -0.26369, 0.44552
1881, 2790 -> -0.272196, 0.444803
1881, 2790 -> -0.264753, 0.444803
1881, 2790 -> -0.296651, 0.444086
1881, 2790 -> -0.26369, 0.444086
1881, 2790 -> -0.272196, 0.443369
1881, 2790 -> -0.264753, 0.443369
1881, 2790 -> -0.296651, 0.442652
1881, 2790 -> -0.26369, 0.442652
1881, 2790 -> -0.272196, 0.441935
1881, 2790 -> -0.264753, 0.441935
1881, 2790 -> -0.296651, 0.441219
1881, 2790 -> -0.26369, 0.441219
1881, 2790 -> -0.272196, 0.440502
1881, 2790 -> -0.264753, 0.440502
1881, 2790 -> -0.296651, 0.439785
1881, 2790 -> -0.26369, 0.439785
1881, 2790 -> -0.272196, 0.439068
1881, 2790 -> -0.264753, 0.439068
1881, 2790 -> -0.296651, 0.438351
1881, 2790 -> -0.26369, 0.438351
1881, 2790 -> -0.272196, 0.437634
1881, 2790 -> -0.264753, 0.437634
1881, 2790 -> -0.296651, 0.436918
1881, 2790 -> -0.26369, 0.436918
1881, 2790 -> -0.272196, 0.436201
1881, 2790 -> -0.264753, 0.436201
1881, 2790 -> -0.296651, 0.435484
1881, 2790 -> -0.26369, 0.435484
1881, 2790 -> -0.272196, 0.434767
1881, 2790 -> -0.264753, 0.434767
1881, 2790 -> -0.296651, 0.43405
1881, 2790 -> -0.26369, 0.43405
1881, 2790 -> -0.272196, 0.433333
1881, 2790 -> -0.264753, 0.433333
1881, 2790 -> -0.296651, 0.432616
1881, 2790 -> -0.26369, 0.432616
1881, 2790 -> -0.272196, 0.4319
1881, 2790 -> -0.264753, 0.4319
1881, 2790 -> -0.296651, 0.431183
1881, 2790 -> -0.26369, 0.431183
1881, 2790 -> -0.272196, 0.430466
1881, 2790 -> -0.264753, 0.430466
1881, 2790 -> -0.296651, 0.429749
1881, 2790 -> -0.26369, 0.429749
1881, 2790 -> -0.272196, 0.429032
1881, 2790 -> -0.264753, 0.429032
1881, 2790 -> -0.296651, 0.428315
1881, 2790 -> -0.26369, 0.428315
1881, 2790 -> -0.272196, 0.427599
1881, 2790 -> -0.264753, 0.427599
1881, 2790 -> -0.296651, 0.426882
1881, 2790 -> -0.26369, 0.426882
1881, 2790 -> -0.272196, 0.426165
1881, 2790 -> -0.264753, 0.426165
1881, 2790 -> -0.296651, 0.425448
1881, 2790 -> -0.26369, 0.425448
1881, 2790 -> -0.272196, 0.424731
1881, 2790 -> -0.264753, 0.424731
1881, 2790 -> -0.296651, 0.424014
1881, 2790 -> -0.26369, 0.424014
1881, 2790 -> -0.272196, 0.423297
1881, 2790 -> -0.264753, 0.423297
1881, 2790 -> -0.296651, 0.422581
1881, 2790 -> -0.26369, 0.422581
1881, 2790 -> -0.272196, 0.421864
1881, 2790 -> -0.264753, 0.421864
1881, 2790 -> -0.296651, 0.421147
1881, 2790 -> -0.26369, 0.421147
1881, 2790 -> -0.272196, 0.42043
1881, 2790 -> -0.264753, 0.42043
1881, 2790 -> -0.296651, 0.419713
1881, 2790 -> -0.26369, 0.419713
1881, 2790 -> -0.272196, 0.418996
1881, 2790 -> -0.264753, 0.418996
1881, 2790 -> -0.296651, 0.41828
1881, 2790 -> -0.26369, 0.41828
1881, 2790 -> -0.272196, 0.417563
1881, 2790 -> -0.264753, 0.417563
1881, 2790 -> -0.296651, 0.416846
1881, 2790 -> -0.26369, 0.416846
1881, 2790 -> -0.272196, 0.416129
1881, 2790 -> -0.264753, 0.416129
1881, 2790 -> -0.296651, 0.415412
1881, 2790 -> -0.26369, 0.415412
1881, 2790 -> -0.272196, 0.414695
1881, 2790 -> -0.264753, 0.414695
1881, 2790 -> -0.296651, 0.413979
1881, 2790 -> -0.26369, 0.413979
1881, 2790 -> -0.272196, 0.413262
1881, 2790 -> -0.264753, 0.413262
1881, 2790 -> -0.296651, 0.412545
1881, 2790 -> -0.26369, 0.412545
1881, 2790 -> -0.272196, 0.411828
1881, 2790 -> -0.264753, 0.411828
1881, 2790 -> -0.296651, 0.411111
1881, 2790 -> -0.26369, 0.411111
1881, 2790 -> -0.272196, 0.410394
1881, 2790 -> -0.264753, 0.410394
1881, 2790 -> -0.296651, 0.409677
1881, 2790 -> -0.26369, 0.409677
1881, 2790 -> -0.272196, 0.408961
1881, 2790 -> -0.264753, 0.408961
1881, 2790 -> -0.296651, 0.408244
1881, 2790 -> -0.26369, 0.408244
1881, 2790 -> -0.272196, 0.407527
1881, 2790 -> -0.264753, 0.407527
1881, 2790 -> -0.296651, 0.40681
1881, 2790 -> -0.26369, 0.40681
1881, 2790 -> -0.272196, 0.406093
1881, 2790 -> -0.264753, 0.406093
1881, 2790 -> -0.296651, 0.405376
1881, 2790 -> -0.26369, 0.405376
1881, 2790 -> -0.272196, 0.40466
1881, 2790 -> -0.264753, 0.40466
1881, 2790 -> -0.296651, 0.403943
1881, 2790 -> -0.26369, 0.403943
1881, 2790 -> -0.272196, 0.403226
1881, 2790 -> -0.264753, 0.403226
1881, 2790 -> -0.296651, 0.402509
1881, 2790 -> -0.26369, 0.402509
1881, 2790 -> -0.272196, 0.401792
1881, 2790 -> -0.264753, 0.401792
1881, 2790 -> -0.296651, 0.401075
1881, 2790 -> -0.26369, 0.401075
1881, 2790 -> -0.272196, 0.400358
1881, 2790 -> -0.264753, 0.400358
1881, 2790 -> -0.296651, 0.399642
1881, 2790 -> -0.26369, 0.399642
1881, 2790 -> -0.272196, 0.398925
1881, 2790 -> -0.264753, 0.398925
1881, 2790 -> -0.296651, 0.398208
1881, 2790 -> -0.26369, 0.398208
1881, 2790 -> -0.272196, 0.397491
1881, 2790 -> -0.264753, 0.397491
1881, 2790 -> -0.296651, 0.396774
1881, 2790 -> -0.26369, 0.396774
1881, 2790 -> -0.272196, 0.396057
1881, 2790 -> -0.264753, 0.396057
1881, 2790 -> -0.296651, 0.395341
1881, 2790 -> -0.26369, 0.395341
1881, 2790 -> -0.272196, 0.394624
1881, 2790 -> -0.264753, 0.394624
1881, 2790 -> -0.296651, 0.393907
1881, 2790 -> -0.26369, 0.393907
1881, 2790 -> -0.272196, 0.39319
1881, 2790 -> -0.264753, 0.39319
1881, 2790 -> -0.296651, 0.392473
1881, 2790 -> -0.26369, 0.392473
1881, 2790 -> -0.272196, 0.391756
1881, 2790 -> -0.264753, 0.391756
1881, 2790 -> -0.296651, 0.391039
1881, 2790 -> -0.26369, 0.391039
1881, 2790 -> -0.272196, 0.390323
1881, 2790 -> -0.264753, 0.390323
1881, 2790 -> -0.296651, 0.389606
1881, 2790 -> -0.26369, 0.389606
1881, 2790 -> -0.272196, 0.388889
1881, 2790 -> -0.264753, 0.388889
1881, 2790 -> -0.296651, 0.388172
1881, 2790 -> -0.26369, 0.388172
1881, 2790 -> -0.272196, 0.387455
1881, 2790 -> -0.264753, 0.387455
1881, 2790 -> -0.296651, 0.386738
1881, 2790 -> -0.26369, 0.386738
1881, 2790 -> -0.272196, 0.386021
1881, 2790 -> -0.264753, 0.386021
1881, 2790 -> -0.296651, 0.385305
1881, 2790 -> -0.26369, 0.385305
1881, 2790 -> -0.272196, 0.384588
1881, 2790 -> -0.264753, 0.384588
1881, 2790 -> -0.296651, 0.383871
1881, 2790 -> -0.26369, 0.383871
1881, 2790 -> -0.272196, 0.383154
1881, 2790 -> -0.264753, 0.383154
1881, 2790 -> -0.296651, 0.382437
1881, 2790 -> -0.26369, 0.382437
1881, 2790 -> -0.272196, 0.38172
1881, 2790 -> -0.264753, 0.38172
1881, 2790 -> -0.296651, 0.381004
1881, 2790 -> -0.26369, 0.381004
1881, 2790 -> -0.272196, 0.380287
1881, 2790 -> -0.264753, 0.380287
1881, 2790 -> -0.296651, 0.37957
1881, 2790 -> -0.26369, 0.37957
1881, 2790 -> -0.272196, 0.378853
1881, 2790 -> -0.264753, 0.378853
1881, 2790 -> -0.296651, 0.378136
1881, 2790 -> -0.26369, 0.378136
1881, 2790 -> -0.272196, 0.377419
1881, 2790 -> -0.264753, 0.377419
1881, 2790 -> -0.296651, 0.376702
1881, 2790 -> -0.26369, 0.376702
1881, 2790 -> -0.272196, 0.375986
1881, 2790 -> -0.264753, 0.375986
1881, 2790 -> -0.296651, 0.375269
1881, 2790 -> -0.26369, 0.375269
1881, 2790 -> -0.272196, 0.374552
1881, 2790 -> -0.264753, 0.374552
1881, 2790 -> -0.296651, 0.373835
1881, 2790 -> -0.26369, 0.373835
1881, 2790 -> -0.272196, 0.373118
1881, 2790 -> -0.264753, 0.373118
1881, 2790 -> -0.296651, 0.372401
1881, 2790 -> -0.26369, 0.372401
1881, 2790 -> -0.272196, 0.371685
1881, 2790 -> -0.264753, 0.371685
1881, 2790 -> -0.296651, 0.370968
1881, 2790 -> -0.26369, 0.370968
1881, 2790 -> -0.272196, 0.370251
1881, 2790 -> -0.264753, 0.370251
1881, 2790 -> -0.296651, 0.369534
1881, 2790 -> -0.26369, 0.369534
1881, 2790 -> -0.272196, 0.368817
1881, 2790 -> -0.264753, 0.368817
1881, 2790 -> -0.296651, 0.3681
1881, 2790 -> -0.26369, 0.3681
1881, 2790 -> -0.272196, 0.367384
1881, 2790 -> -0.264753, 0.367384
1881, 2790 -> -0.296651, 0.366667
1881, 2790 -> -0.26369, 0.366667
1881, 2790 -> -0.272196, 0.36595
1881, 2790 -> -0.264753, 0.36595
1881, 2790 -> -0.296651, 0.365233
1881, 2790 -> -0.26369, 0.365233
1881, 2790 -> -0.272196, 0.364516
1881, 2790 -> -0.264753, 0.364516
1881, 2790 -> -0.296651, 0.363799
1881, 2790 -> -0.26369, 0.363799
1881, 2790 -> -0.272196, 0.363082
1881, 2790 -> -0.264753, 0.363082
1881, 2790 -> -0.296651, 0.362366
1881, 2790 -> -0.26369, 0.362366
1881, 2790 -> -0.272196, 0.361649
1881, 2790 -> -0.264753, 0.361649
1881, 2790 -> -0.296651, 0.360932
1881, 2790 -> -0.26369, 0.360932
1881, 2790 -> -0.272196, 0.360215
1881, 2790 -> -0.264753, 0.360215
1881, 2790 -> -0.296651, 0.359498
1881, 2790 -> -0.26369, 0.359498
1881, 2790 -> -0.272196, 0.358781
1881, 2790 -> -0.264753, 0.358781
1881, 2790 -> -0.296651, 0.358065
1881, 2790 -> -0.26369, 0.358065
1881, 2790 -> -0.272196, 0.357348
1881, 2790 -> -0.264753, 0.357348
1881, 2790 -> -0.296651, 0.356631
1881, 2790 -> -0.26369, 0.356631
1881, 2790 -> -0.272196, 0.355914
1881, 2790 -> -0.264753, 0.355914
1881, 2790 -> -0.296651, 0.355197
1881, 2790 -> -0.26369, 0.355197
1881, 2790 -> -0.272196, 0.35448
1881, 2790 -> -0.264753, 0.35448
1881, 2790 -> -0.296651, 0.353763
1881, 2790 -> -0.26369, 0.353763
1881, 2790 -> -0.272196, 0.353047
1881, 2790 -> -0.264753, 0.353047
1881, 2790 -> -0.296651, 0.35233
1881, 2790 -> -0.26369, 0.35233
1881, 2790 -> -0.272196, 0.351613
1881, 2790 -> -0.264753, 0.351613
1881, 2790 -> -0.296651, 0.350896
1881, 2790 -> -0.26369, 0.350896
1881, 2790 -> -0.272196, 0.350179
1881, 2790 -> -0.264753, 0.350179
1881, 2790 -> -0.296651, 0.349462
1881, 2790 -> -0.26369, 0.349462
1881, 2790 -> -0.272196, 0.348746
1881, 2790 -> -0.264753, 0.348746
1881, 2790 -> -0.296651, 0.348029
1881, 2790 -> -0.26369, 0.348029
1881, 2790 -> -0.272196, 0.347312
1881, 2790 -> -0.264753, 0.347312
1881, 2790 -> -0.296651, 0.346595
1881, 2790 -> -0.26369, 0.346595
1881, 2790 -> -0.272196, 0.345878
1881, 2790 -> -0.264753, 0.345878
1881, 2790 -> -0.296651, 0.345161
1881, 2790 -> -0.26369, 0.345161
1881, 2790 -> -0.272196, 0.344444
1881, 2790 -> -0.264753, 0.344444
1881, 2790 -> -0.296651, 0.343728
1881, 2790 -> -0.26369, 0.343728
1881, 2790 -> -0.272196, 0.343011
1881, 2790 -> -0.264753, 0.343011
1881, 2790 -> -0.296651, 0.342294
1881, 2790 -> -0.26369, 0.342294
1881, 2790 -> -0.272196, 0.341577
1881, 2790 -> -0.264753, 0.341577
1881, 2790 -> -0.296651, 0.34086
1881, 2790 -> -0.26369, 0.34086
1881, 2790 -> -0.272196, 0.340143
1881, 2790 -> -0.264753, 0.340143
1881, 2790 -> -0.296651, 0.339427
1881, 2790 -> -0.26369, 0.339427
1881, 2790 -> -0.272196, 0.33871
1881, 2790 -> -0.264753, 0.33871
1881, 2790 -> -0.296651, 0.337993
1881, 2790 -> -0.26369, 0.337993
1881, 2790 -> -0.272196, 0.337276
1881, 2790 -> -0.264753, 0.337276
1881, 2790 -> -0.296651, 0.336559
1881, 2790 -> -0.26369, 0.336559
1881, 2790 -> -0.272196, 0.335842
1881, 2790 -> -0.264753, 0.335842
1881, 2790 -> -0.296651, 0.335125
1881, 2790 -> -0.26369, 0.335125
1881, 2790 -> -0.272196, 0.334409
1881, 2790 -> -0.264753, 0.334409
1881, 2790 -> -0.296651, 0.333692
1881, 2790 -> -0.26369, 0.333692
1881, 2790 -> -0.272196, 0.332975
1881, 2790 -> -0.264753, 0.332975
1881, 2790 -> -0.296651, 0.332258
1881, 2790 -> -0.26369, 0.332258
1881, 2790 -> -0.272196, 0.331541
1881, 2790 -> -0.264753, 0.331541
1881, 2790 -> -0.296651, 0.330824
1881, 2790 -> -0.26369, 0.330824
1881, 2790 -> -0.272196, 0.330108
1881, 2790 -> -0.264753, 0.330108
1881, 2790 -> -0.296651, 0.329391
1881, 2790 -> -0.26369, 0.329391
1881, 2790 -> -0.272196, 0.328674
1881, 2790 -> -0.264753, 0.328674
1881, 2790 -> -0.296651, 0.327957
1881, 2790 -> -0.26369, 0.327957
1881, 2790 -> -0.272196, 0.32724
1881, 2790 -> -0.264753, 0.32724
1881, 2790 -> -0.296651, 0.326523
1881, 2790 -> -0.26369, 0.326523
1881, 2790 -> -0.272196, 0.325806
1881, 2790 -> -0.264753, 0.325806
1881, 2790 -> -0.296651, 0.32509
1881, 2790 -> -0.26369, 0.32509
1881, 2790 -> -0.272196, 0.324373
1881, 2790 -> -0.264753, 0.324373
1881, 2790 -> -0.296651, 0.323656
1881, 2790 -> -0.26369, 0.323656
1881, 2790 -> -0.272196, 0.322939
1881, 2790 -> -0.264753, 0.322939
1881, 2790 -> -0.296651, 0.322222
1881, 2790 -> -0.26369, 0.322222
1881, 2790 -> -0.272196, 0.321505
1881, 2790 -> -0.264753, 0.321505
1881, 2790 -> -0.296651, 0.320789
1881, 2790 -> -0.26369, 0.320789
1881, 2790 -> -0.272196, 0.320072
1881, 2790 -> -0.264753, 0.320072
1881, 2790 -> -0.296651, 0.319355
1881, 2790 -> -0.26369, 0.319355
1881, 2790 -> -0.272196, 0.318638
1881, 2790 -> -0.264753, 0.318638
1881, 2790 -> -0.296651, 0.317921
1881, 2790 -> -0.26369, 0.317921
1881, 2790 -> -0.272196, 0.317204
1881, 2790 -> -0.264753, 0.317204
1881, 2790 -> -0.296651, 0.316487
1881, 2790 -> -0.26369, 0.316487
1881, 2790 -> -0.272196, 0.315771
1881, 2790 -> -0.264753, 0.315771
1881, 2790 -> -0.296651, 0.315054
1881, 2790 -> -0.26369, 0.315054
1881, 2790 -> -0.272196, 0.314337
1881, 2790 -> -0.264753, 0.314337
1881, 2790 -> -0.296651, 0.31362
1881, 2790 -> -0.26369, 0.31362
1881, 2790 -> -0.272196, 0.312903
1881, 2790 -> -0.264753, 0.312903
1881, 2790 -> -0.296651, 0.312186
1881, 2790 -> -0.26369, 0.312186
1881, 2790 -> -0.272196, 0.31147
1881, 2790 -> -0.264753, 0.31147
1881, 2790 -> -0.296651, 0.310753
1881, 2790 -> -0.26369, 0.310753
1881, 2790 -> -0.272196, 0.310036
1881, 2790 -> -0.264753, 0.310036
1881, 2790 -> -0.296651, 0.309319
1881, 2790 -> -0.26369, 0.309319
1881, 2790 -> -0.272196, 0.308602
1881, 2790 -> -0.264753, 0.308602
1881, 2790 -> -0.296651, 0.307885
1881, 2790 -> -0.26369, 0.307885
1881, 2790 -> -0.272196, 0.307168
1881, 2790 -> -0.264753, 0.307168
1881, 2790 -> -0.296651, 0.306452
1881, 2790 -> -0.26369, 0.306452
1881, 2790 -> -0.272196, 0.305735
1881, 2790 -> -0.264753, 0.305735
1881, 2790 -> -0.296651, 0.305018
1881, 2790 -> -0.26369, 0.305018
1881, 2790 -> -0.272196, 0.304301
1881, 2790 -> -0.264753, 0.304301
1881, 2790 -> -0.296651, 0.303584
1881, 2790 -> -0.26369, 0.303584
1881, 2790 -> -0.272196, 0.302867
1881, 2790 -> -0.264753, 0.302867
1881, 2790 -> -0.296651, 0.302151
1881, 2790 -> -0.26369, 0.302151
1881, 2790 -> -0.272196, 0.301434
1881, 2790 -> -0.264753, 0.301434
1881, 2790 -> -0.296651, 0.300717
1881, 2790 -> -0.26369, 0.300717
1881, 2790 -> -0.272196, 0.3
1881, 2790 -> -0.264753, 0.3
1881, 2790 -> -0.296651, 0.299283
1881, 2790 -> -0.26369, 0.299283
1881, 2790 -> -0.272196, 0.298566
1881, 2790 -> -0.264753, 0.298566
1881, 2790 -> -0.296651, 0.297849
1881, 2790 -> -0.26369, 0.297849
1881, 2790 -> -0.272196, 0.297133
1881, 2790 -> -0.264753, 0.297133
1881, 2790 -> -0.296651, 0.296416
1881, 2790 -> -0.26369, 0.296416
1881, 2790 -> -0.272196, 0.295699
1881, 2790 -> -0.264753, 0.295699
1881, 2790 -> -0.296651, 0.294982
1881, 2790 -> -0.26369, 0.294982
1881, 2790 -> -0.272196, 0.294265
1881, 2790 -> -0.264753, 0.294265
1881, 2790 -> -0.296651, 0.293548
1881, 2790 -> -0.26369, 0.293548
1881, 2790 -> -0.272196, 0.292832
1881, 2790 -> -0.264753, 0.292832
1881, 2790 -> -0.296651, 0.292115
1881, 2790 -> -0.26369, 0.292115
1881, 2790 -> -0.272196, 0.291398
1881, 2790 -> -0.264753, 0.291398
1881, 2790 -> -0.296651, 0.290681
1881, 2790 -> -0.26369, 0.290681
1881, 2790 -> -0.272196, 0.289964
1881, 2790 -> -0.264753, 0.289964
1881, 2790 -> -0.296651, 0.289247
1881, 2790 -> -0.26369, 0.289247
1881, 2790 -> -0.272196, 0.28853
1881, 2790 -> -0.264753, 0.28853
1881, 2790 -> -0.296651, 0.287814
1881, 2790 -> -0.26369, 0.287814
1881, 2790 -> -0.272196, 0.287097
1881, 2790 -> -0.264753, 0.287097
1881, 2790 -> -0.296651, 0.28638
1881, 2790 -> -0.26369, 0.28638
1881, 2790 -> -0.272196, 0.285663
1881, 2790 -> -0.264753, 0.285663
1881, 2790 -> -0.296651, 0.284946
1881, 2790 -> -0.26369, 0.284946
1881, 2790 -> -0.272196, 0.284229
1881, 2790 -> -0.264753, 0.284229
1881, 2790 -> -0.296651, 0.283513
1881, 2790 -> -0.26369, 0.283513
1881, 2790 -> -0.272196, 0.282796
1881, 2790 -> -0.264753, 0.282796
1881, 2790 -> -0.296651, 0.282079
1881, 2790 -> -0.26369, 0.282079
1881, 2790 -> -0.272196, 0.281362
1881, 2790 -> -0.264753, 0.281362
1881, 2790 -> -0.296651, 0.280645
1881, 2790 -> -0.26369, 0.280645
1881, 2790 -> -0.272196, 0.279928
1881, 2790 -> -0.264753, 0.279928
1881, 2790 -> -0.296651, 0.279211
1881, 2790 -> -0.26369, 0.279211
1881, 2790 -> -0.272196, 0.278495
1881, 2790 -> -0.264753, 0.278495
1881, 2790 -> -0.296651, 0.277778
1881, 2790 -> -0.26369, 0.277778
1881, 2790 -> -0.272196, 0.277061
1881, 2790 -> -0.264753, 0.277061
1881, 2790 -> -0.296651, 0.276344
1881, 2790 -> -0.26369, 0.276344
1881, 2790 -> -0.272196, 0.275627
1881, 2790 -> -0.264753, 0.275627
1881, 2790 -> -0.296651, 0.27491
1881, 2790 -> -0.26369, 0.27491
1881, 2790 -> -0.272196, 0.274194
1881, 2790 -> -0.264753, 0.274194
1881, 2790 -> -0.296651, 0.273477
1881, 2790 -> -0.26369, 0.273477
1881, 2790 -> -0.272196, 0.27276
1881, 2790 -> -0.264753, 0.27276
1881, 2790 -> -0.296651, 0.272043
1881, 2790 -> -0.26369, 0.272043
1881, 2790 -> -0.272196, 0.271326
1881, 2790 -> -0.264753, 0.271326
1881, 2790 -> -0.296651, 0.270609
1881, 2790 -> -0.26369, 0.270609
1881, 2790 -> -0.272196, 0.269892
1881, 2790 -> -0.264753, 0.269892
1881, 2790 -> -0.296651, 0.269176
1881, 2790 -> -0.26369, 0.269176
1881, 2790 -> -0.272196, 0.268459
1881, 2790 -> -0.264753, 0.268459
1881, 2790 -> -0.296651, 0.267742
1881, 2790 -> -0.26369, 0.267742
1881, 2790 -> -0.272196, 0.267025
1881, 2790 -> -0.264753, 0.267025
1881, 2790 -> -0.296651, 0.266308
1881, 2790 -> -0.26369, 0.266308
1881, 2790 -> -0.272196, 0.265591
1881, 2790 -> -0.264753, 0.265591
1881, 2790 -> -0.296651, 0.264875
1881, 2790 -> -0.26369, 0.264875
1881, 2790 -> -0.272196, 0.264158
1881, 2790 -> -0.264753, 0.264158
1881, 2790 -> -0.296651, 0.263441
1881, 2790 -> -0.26369, 0.263441
1881, 2790 -> -0.272196, 0.262724
1881, 2790 -> -0.264753, 0.262724
1881, 2790 -> -0.296651, 0.262007
1881, 2790 -> -0.26369, 0.262007
1881, 2790 -> -0.272196, 0.26129
1881, 2790 -> -0.264753, 0.26129
1881, 2790 -> -0.296651, 0.260574
1881, 2790 -> -0.26369, 0.260574
1881, 2790 -> -0.272196, 0.259857
1881, 2790 -> -0.264753, 0.259857
1881, 2790 -> -0.296651, 0.25914
1881, 2790 -> -0.26369, 0.25914
1881, 2790 -> -0.272196, 0.258423
1881, 2790 -> -0.264753, 0.258423
1881, 2790 -> -0.296651, 0.257706
1881, 2790 -> -0.26369, 0.257706
1881, 2790 -> -0.272196, 0.256989
1881, 2790 -> -0.264753, 0.256989
1881, 2790 -> -0.296651, 0.256272
1881, 2790 -> -0.26369, 0.256272
1881, 2790 -> -0.272196, 0.255556
1881, 2790 -> -0.264753, 0.255556
1881, 2790 -> -0.296651, 0.254839
1881, 2790 -> -0.26369, 0.254839
1881, 2790 -> -0.272196, 0.254122
1881, 2790 -> -0.264753, 0.254122
1881, 2790 -> -0.296651, 0.253405
1881, 2790 -> -0.26369, 0.253405
1881, 2790 -> -0.272196, 0.252688
1881, 2790 -> -0.264753, 0.252688
1881, 2790 -> -0.296651, 0.251971
1881, 2790 -> -0.26369, 0.251971
1881, 2790 -> -0.272196, 0.251254
1881, 2790 -> -0.264753, 0.251254
1881, 2790 -> -0.296651, 0.250538
1881, 2790 -> -0.26369, 0.250538
1881, 2790 -> -0.272196, 0.249821
1881, 2790 -> -0.264753, 0.249821
1881, 2790 -> -0.296651, 0.249104
1881, 2790 -> -0.26369, 0.249104
1881, 2790 -> -0.272196, 0.248387
1881, 2790 -> -0.264753, 0.248387
1881, 2790 -> -0.296651, 0.24767
1881, 2790 -> -0.26369, 0.24767
1881, 2790 -> -0.272196, 0.246953
1881, 2790 -> -0.264753, 0.246953
1881, 2790 -> -0.296651, 0.246237
1881, 2790 -> -0.26369, 0.246237
1881, 2790 -> -0.272196, 0.24552
1881, 2790 -> -0.264753, 0.24552
1881, 2790 -> -0.296651, 0.244803
1881, 2790 -> -0.26369, 0.244803
1881, 2790 -> -0.272196, 0.244086
1881, 2790 -> -0.264753, 0.244086
1881, 2790 -> -0.296651, 0.243369
1881, 2790 -> -0.26369, 0.243369
1881, 2790 -> -0.272196, 0.242652
1881, 2790 -> -0.264753, 0.242652
1881, 2790 -> -0.296651, 0.241935
1881, 2790 -> -0.26369, 0.241935
1881, 2790 -> -0.272196, 0.241219
1881, 2790 -> -0.264753, 0.241219
1881, 2790 -> -0.296651, 0.240502
1881, 2790 -> -0.26369, 0.240502
1881, 2790 -> -0.272196, 0.239785
1881, 2790 -> -0.264753, 0.239785
1881, 2790 -> -0.296651, 0.239068
1881, 2790 -> -0.272196, 0.238351
1881, 2790 -> -0.264753, 0.238351
1881, 2790 -> -0.296651, 0.237634
1881, 2790 -> -0.26369, 0.237634
1881, 2790 -> -0.272196, 0.236918
1881, 2790 -> -0.264753, 0.236918
1881, 2790 -> -0.296651, 0.236201
1881, 2790 -> -0.26369, 0.236201
1881, 2790 -> -0.272196, 0.235484
1881, 2790 -> -0.264753, 0.235484
1881, 2790 -> -0.296651, 0.234767
1881, 2790 -> -0.26369, 0.234767
1881, 2790 -> -0.272196, 0.23405
1881, 2790 -> -0.264753, 0.23405
1881, 2790 -> -0.296651, 0.233333
1881, 2790 -> -0.26369, 0.233333
1881, 2790 -> -0.272196, 0.232616
1881, 2790 -> -0.264753, 0.232616
1881, 2790 -> -0.296651, 0.2319
1881, 2790 -> -0.26369, 0.2319
1881, 2790 -> -0.272196, 0.231183
1881, 2790 -> -0.264753, 0.231183
1881, 2790 -> -0.296651, 0.230466
1881, 2790 -> -0.272196, 0.229749
1881, 2790 -> -0.264753, 0.229749
1881, 2790 -> -0.296651, 0.229032
1881, 2790 -> -0.26369, 0.229032
1881, 2790 -> -0.272196, 0.228315
1881, 2790 -> -0.264753, 0.228315
1881, 2790 -> -0.296651, 0.227599
1881, 2790 -> -0.272196, 0.226882
1881, 2790 -> -0.264753, 0.226882
1881, 2790 -> -0.296651, 0.226165
1881, 2790 -> -0.272196, 0.225448
1881, 2790 -> -0.264753, 0.225448
1881, 2790 -> -0.296651, 0.224731
1881, 2790 -> -0.26369, 0.224731
1881, 2790 -> -0.272196, 0.224014
1881, 2790 -> -0.264753, 0.224014
1881, 2790 -> -0.296651, 0.223297
1881, 2790 -> -0.272196, 0.222581
1881, 2790 -> -0.264753, 0.222581
1881, 2790 -> -0.296651, 0.221864
1881, 2790 -> -0.272196, 0.221147
1881, 2790 -> -0.264753, 0.221147
1881, 2790 -> -0.296651, 0.22043
1881, 2790 -> -0.272196, 0.219713
1881, 2790 -> -0.264753, 0.219713
1881, 2790 -> -0.296651, 0.218996
1881, 2790 -> -0.272196, 0.21828
1881, 2790 -> -0.264753, 0.21828
1881, 2790 -> -0.296651, 0.217563
1881, 2790 -> -0.26369, 0.217563
1881, 2790 -> -0.272196, 0.216846
1881, 2790 -> -0.264753, 0.216846
1881, 2790 -> -0.296651, 0.216129
1881, 2790 -> -0.26369, 0.216129
1881, 2790 -> -0.272196, 0.215412
1881, 2790 -> -0.264753, 0.215412
1881, 2790 -> -0.296651, 0.214695
1881, 2790 -> -0.26369, 0.214695
1881, 2790 -> -0.272196, 0.213978
1881, 2790 -> -0.264753, 0.213978
1881, 2790 -> -0.296651, 0.213262
1881, 2790 -> -0.272196, 0.212545
1881, 2790 -> -0.264753, 0.212545
1881, 2790 -> -0.296651, 0.211828
1881, 2790 -> -0.272196, 0.211111
1881, 2790 -> -0.264753, 0.211111
1881, 2790 -> -0.272196, 0.209677
1881, 2790 -> -0.264753, 0.209677
1881, 2790 -> -0.296651, 0.208961
1881, 2790 -> -0.272196, 0.208244
1881, 2790 -> -0.264753, 0.208244
1881, 2790 -> -0.296651, 0.207527
1881, 2790 -> -0.272196, 0.20681
1881, 2790 -> -0.264753, 0.20681
1881, 2790 -> -0.272196, 0.205376
1881, 2790 -> -0.264753, 0.205376
1881, 2790 -> -0.296651, 0.20466
1881, 2790 -> -0.272196, 0.203943
1881, 2790 -> -0.264753, 0.203943
1881, 2790 -> -0.272196, 0.202509
1881, 2790 -> -0.264753, 0.202509
1881, 2790 -> -0.296651, 0.201792
1881, 2790 -> -0.272196, 0.201075
1881, 2790 -> -0.264753, 0.201075
1881, 2790 -> -0.296651, 0.200358
1881, 2790 -> -0.272196, 0.199642
1881, 2790 -> -0.264753, 0.199642
1881, 2790 -> -0.272196, 0.198208
1881, 2790 -> -0.264753, 0.198208
1881, 2790 -> -0.296651, 0.197491
1881, 2790 -> -0.272196, 0.196774
1881, 2790 -> -0.264753, 0.196774
1881, 2790 -> -0.272196, 0.195341
1881, 2790 -> -0.264753, 0.195341
1881, 2790 -> -0.272196, 0.193907
1881, 2790 -> -0.264753, 0.193907
1881, 2790 -> -0.272196, 0.192473
1881, 2790 -> -0.264753, 0.192473
1881, 2790 -> -0.272196, 0.191039
1881, 2790 -> -0.264753, 0.191039
1881, 2790 -> -0.272196, 0.189606
1881, 2790 -> -0.264753, 0.189606
1881, 2790 -> -0.272196, 0.188172
1881, 2790 -> -0.264753, 0.188172
1881, 2790 -> -0.272196, 0.186738
1881, 2790 -> -0.264753, 0.186738
1881, 2790 -> -0.296651, 0.186022
1881, 2790 -> -0.272196, 0.185305
1881, 2790 -> -0.264753, 0.185305
1881, 2790 -> -0.296651, 0.184588
1881, 2790 -> -0.272196, 0.183871
1881, 2790 -> -0.264753, 0.183871
1881, 2790 -> -0.272196, 0.182437
1881, 2790 -> -0.264753, 0.182437
1881, 2790 -> -0.272196, 0.181004
1881, 2790 -> -0.264753, 0.181004
1881, 2790 -> -0.296651, 0.180287
1881, 2790 -> -0.272196, 0.17957
1881, 2790 -> -0.264753, 0.17957
1881, 2790 -> -0.272196, 0.178136
1881, 2790 -> -0.264753, 0.178136
1881, 2790 -> -0.296651, 0.177419
1881, 2790 -> -0.272196, 0.176702
1881, 2790 -> -0.264753, 0.176702
1881, 2790 -> -0.296651, 0.175986
1881, 2790 -> -0.272196, 0.175269
1881, 2790 -> -0.264753, 0.175269
1881, 2790 -> -0.272196, 0.173835
1881, 2790 -> -0.264753, 0.173835
1881, 2790 -> -0.272196, 0.172401
1881, 2790 -> -0.264753, 0.172401
1881, 2790 -> -0.272196, 0.170968
1881, 2790 -> -0.264753, 0.170968
1881, 2790 -> -0.272196, 0.169534
1881, 2790 -> -0.264753, 0.169534
1881, 2790 -> -0.272196, 0.1681
1881, 2790 -> -0.264753, 0.1681
1881, 2790 -> -0.296651, 0.167383
1881, 2790 -> -0.272196, 0.166667
1881, 2790 -> -0.264753, 0.166667
1881, 2790 -> -0.272196, 0.165233
1881, 2790 -> -0.264753, 0.165233
1881, 2790 -> -0.272196, 0.163799
1881, 2790 -> -0.264753, 0.163799
1881, 2790 -> -0.272196, 0.162366
1881, 2790 -> -0.264753, 0.162366
1881, 2790 -> -0.272196, 0.160932
1881, 2790 -> -0.264753, 0.160932
1881, 2790 -> -0.272196, 0.159498
1881, 2790 -> -0.264753, 0.159498
1881, 2790 -> -0.272196, 0.158065
1881, 2790 -> -0.264753, 0.158065
1881, 2790 -> 0.697501, 0.158065
1881, 2790 -> -0.272196, 0.156631
1881, 2790 -> -0.264753, 0.156631
1881, 2790 -> -0.272196, 0.155197
1881, 2790 -> -0.264753, 0.155197
1881, 2790 -> -0.272196, 0.153763
1881, 2790 -> -0.264753, 0.153763
1881, 2790 -> -0.272196, 0.15233
1881, 2790 -> -0.264753, 0.15233
1881, 2790 -> -0.272196, 0.150896
1881, 2790 -> -0.272196, 0.149462
1881, 2790 -> -0.272196, 0.148029
1881, 2790 -> -0.264753, 0.148029
1881, 2790 -> -0.272196, 0.146595
1881, 2790 -> -0.272196, 0.145161
1881, 2790 -> -0.272196, 0.143728
1881, 2790 -> -0.264753, 0.143728
1881, 2790 -> -0.272196, 0.142294
1881, 2790 -> -0.272196, 0.14086
1881, 2790 -> -0.264753, 0.14086
1881, 2790 -> -0.272196, 0.139427
1881, 2790 -> -0.272196, 0.137993
1881, 2790 -> -0.272196, 0.136559
1881, 2790 -> -0.264753, 0.136559
1881, 2790 -> -0.272196, 0.135125
1881, 2790 -> -0.272196, 0.133692
1881, 2790 -> -0.264753, 0.133692
1881, 2790 -> -0.272196, 0.132258
1881, 2790 -> -0.272196, 0.130824
1881, 2790 -> -0.272196, 0.129391
1881, 2790 -> -0.272196, 0.127957
1881, 2790 -> -0.272196, 0.126523
1881, 2790 -> -0.272196, 0.12509
1881, 2790 -> -0.272196, 0.123656
1881, 2790 -> -0.272196, 0.122222
1881, 2790 -> -0.272196, 0.120789
1881, 2790 -> -0.272196, 0.119355
1881, 2790 -> -0.272196, 0.117921
1881, 2790 -> -0.272196, 0.116487
1881, 2790 -> -0.272196, 0.115054
1881, 2790 -> -0.272196, 0.11362
1881, 2790 -> -0.272196, 0.112186
1881, 2790 -> -0.272196, 0.110753
1881, 2790 -> -0.272196, 0.109319
1881, 2790 -> -0.272196, 0.105018
1881, 2790 -> -0.272196, 0.102151
1881, 2790 -> -0.272196, 0.100717
1881, 2790 -> -0.272196, 0.0978495
1881, 2790 -> -0.272196, 0.0964158
1881, 2790 -> -0.272196, 0.0849462
1881, 2790 -> -0.272196, 0.0835125
1881, 2790 -> -0.272196, 0.0806451
1881, 2790 -> -0.272196, 0.0763441
1881, 2790 -> -0.271132, -0.0691756
